300
43.58
6.51
29.72
17.33
4.21
41.97
42.77
17.57
23.59
19.81
41.57
2.23
30.6
10.37
33.14
29.44
21.43
32.01
23.08
32.55
14.5
18.05
3.28
23.11
20.37
48.59
12.65
32.48
0.95
41.46
34.01
50.05
50.45
17.4
12.57
22.8
6.86
28.34
28.89
6.32
34.52
24.06
50.16
47.01
32.6
18.03
26.76
31.37
16.64
21.05
33.59
24.56
15.3
27.84
50.52
37.51
42.62
13.07
50.37
24.35
45.69
12.19
17.82
7.12
25.17
26.08
38.18
35.61
3.43
38.66
49.43
2.03
34.42
36.96
9.21
29.9
13.96
18.51
8.46
35.58
29.72
41.73
22.18
1.66
14.34
37.41
33.28
10.66
38.17
45.24
12.32
9.52
4.23
27.42
22.82
7.22
39.93
25.15
24.44
3.76
16.61
27.91
41.16
38.95
31.58
43.59
24.15
42.72
47.46
10.54
48.88
32.51
31.92
19.07
28.29
10.54
12.33
30.6
41.33
27.03
8.83
9.23
37.67
13.29
9.16
10.5
40.42
10.91
10.07
2.85
4.88
46.58
36.85
25.05
2.8
43.03
30.89
4.73
6.81
22.08
46.66
28.64
24.88
19.48
6.29
39.04
17.86
7.11
22.76
49.11
12.45
47.95
10.82
14.51
30.98
7.48
18.07
6.01
45.93
23.96
15.79
39.96
29.86
33.63
19.04
41.13
35.65
44.05
23.21
30.55
35.08
23.29
39.71
15.59
9.57
1.27
32.65
20.71
33.47
48.75
29.11
32.31
12.59
14.33
20.83
18.11
44.9
19.94
26.08
9.21
45.45
3.93
14.78
40.17
2.59
19.7
19.15
16.78
41.67
14.4
47.46
0.64
6.88
47.52
4.35
25.98
23.87
7.19
5.06
33.95
18.43
0.9
12.76
19.2
26.21
15.14
22.91
27.11
10.05
34.5
47.54
47.68
15.14
47.31
50.9
7.53
5.56
0.27
20.71
27.27
14.29
33.08
48.83
26.99
3.23
41.48
42.75
44.45
25.34
32.01
16.8
7.83
32.84
40.07
1.59
9.9
27.31
6.67
47.25
44.43
49.95
0.15
24.4
39.96
6.72
29.08
16.55
50.88
46.77
16.46
41.61
7.31
25.17
2.01
17.37
26.74
15.88
19.79
23.78
0.13
8.66
30.74
26.19
44.37
27.12
26.59
24.55
4.11
7.46
36.79
5.6
22.64
18.46
14.9
49.04
2.04
37.29
32.14
9.78
9.55
46.19
48.48
16.31
46.76
38.3
28.23
19.43
15.34
36.89
15.81
27.42
