10
0 0 9
0 1 34
0 2 27
0 3 17
0 4 17
0 5 9
0 6 5
0 7 46
0 8 34
0 9 1
1 0 51
1 1 35
1 2 12
1 3 38
1 4 53
1 5 17
1 6 31
1 7 28
1 8 1
1 9 10
2 0 15
2 1 36
2 2 20
2 3 1
2 4 16
2 5 31
2 6 13
2 7 37
2 8 1
2 9 12
3 0 33
3 1 26
3 2 41
3 3 26
3 4 22
3 5 32
3 6 54
3 7 49
3 8 14
3 9 12
4 0 43
4 1 15
4 2 17
4 3 13
4 4 54
4 5 49
4 6 29
4 7 37
4 8 18
4 9 39
5 0 42
5 1 14
5 2 31
5 3 17
5 4 22
5 5 28
5 6 0
5 7 43
5 8 23
5 9 20
6 0 51
6 1 28
6 2 50
6 3 29
6 4 54
6 5 4
6 6 50
6 7 54
6 8 4
6 9 18
7 0 21
7 1 32
7 2 19
7 3 28
7 4 19
7 5 50
7 6 52
7 7 19
7 8 27
7 9 20
8 0 45
8 1 6
8 2 6
8 3 45
8 4 41
8 5 15
8 6 50
8 7 0
8 8 50
8 9 29
9 0 51
9 1 18
9 2 44
9 3 34
9 4 3
9 5 28
9 6 33
9 7 44
9 8 55
9 9 39
1
2
31
1
5
6
7
88
9
2