50
0 0 7
0 1 10
0 2 9
0 3 8
0 4 10
0 5 3
0 6 9
0 7 6
0 8 5
0 9 13
0 10 12
0 11 10
0 12 8
0 13 6
0 14 7
0 15 5
0 16 15
0 17 8
0 18 5
0 19 14
0 20 9
0 21 9
0 22 10
0 23 2
0 24 14
0 25 6
0 26 15
0 27 14
0 28 13
0 29 13
0 30 13
0 31 8
0 32 7
0 33 6
0 34 8
0 35 11
0 36 3
0 37 9
0 38 0
0 39 0
0 40 9
0 41 3
0 42 4
0 43 2
0 44 11
0 45 4
0 46 9
0 47 11
0 48 13
0 49 4
1 0 15
1 1 6
1 2 3
1 3 14
1 4 1
1 5 3
1 6 1
1 7 12
1 8 9
1 9 0
1 10 1
1 11 7
1 12 4
1 13 12
1 14 0
1 15 0
1 16 5
1 17 15
1 18 1
1 19 13
1 20 7
1 21 8
1 22 9
1 23 5
1 24 0
1 25 13
1 26 13
1 27 1
1 28 15
1 29 11
1 30 14
1 31 12
1 32 4
1 33 1
1 34 14
1 35 11
1 36 14
1 37 15
1 38 6
1 39 12
1 40 6
1 41 3
1 42 2
1 43 3
1 44 11
1 45 1
1 46 0
1 47 15
1 48 5
1 49 8
2 0 6
2 1 9
2 2 14
2 3 7
2 4 6
2 5 11
2 6 8
2 7 12
2 8 1
2 9 2
2 10 5
2 11 2
2 12 0
2 13 8
2 14 15
2 15 6
2 16 8
2 17 15
2 18 10
2 19 13
2 20 5
2 21 5
2 22 6
2 23 11
2 24 3
2 25 6
2 26 14
2 27 10
2 28 0
2 29 14
2 30 11
2 31 8
2 32 7
2 33 5
2 34 10
2 35 7
2 36 10
2 37 2
2 38 4
2 39 12
2 40 6
2 41 2
2 42 5
2 43 9
2 44 2
2 45 4
2 46 7
2 47 2
2 48 1
2 49 0
3 0 5
3 1 8
3 2 7
3 3 9
3 4 9
3 5 15
3 6 3
3 7 15
3 8 7
3 9 2
3 10 15
3 11 15
3 12 4
3 13 8
3 14 6
3 15 2
3 16 9
3 17 1
3 18 9
3 19 6
3 20 0
3 21 0
3 22 14
3 23 4
3 24 2
3 25 9
3 26 12
3 27 4
3 28 4
3 29 9
3 30 0
3 31 3
3 32 5
3 33 0
3 34 10
3 35 13
3 36 1
3 37 6
3 38 3
3 39 9
3 40 8
3 41 3
3 42 3
3 43 13
3 44 1
3 45 14
3 46 7
3 47 6
3 48 6
3 49 4
4 0 3
4 1 2
4 2 13
4 3 4
4 4 8
4 5 12
4 6 11
4 7 8
4 8 8
4 9 10
4 10 3
4 11 14
4 12 8
4 13 8
4 14 13
4 15 3
4 16 11
4 17 7
4 18 0
4 19 9
4 20 13
4 21 9
4 22 12
4 23 8
4 24 2
4 25 8
4 26 3
4 27 11
4 28 5
4 29 2
4 30 14
4 31 10
4 32 9
4 33 1
4 34 5
4 35 6
4 36 5
4 37 4
4 38 4
4 39 10
4 40 13
4 41 6
4 42 11
4 43 4
4 44 10
4 45 0
4 46 11
4 47 11
4 48 11
4 49 10
5 0 4
5 1 2
5 2 14
5 3 2
5 4 6
5 5 3
5 6 9
5 7 11
5 8 4
5 9 1
5 10 2
5 11 0
5 12 4
5 13 10
5 14 15
5 15 8
5 16 10
5 17 9
5 18 4
5 19 5
5 20 15
5 21 0
5 22 11
5 23 11
5 24 11
5 25 5
5 26 7
5 27 9
5 28 7
5 29 13
5 30 12
5 31 11
5 32 5
5 33 9
5 34 10
5 35 9
5 36 7
5 37 14
5 38 5
5 39 4
5 40 5
5 41 13
5 42 11
5 43 4
5 44 14
5 45 2
5 46 2
5 47 15
5 48 4
5 49 1
6 0 0
6 1 7
6 2 1
6 3 13
6 4 13
6 5 13
6 6 1
6 7 12
6 8 5
6 9 12
6 10 12
6 11 15
6 12 3
6 13 5
6 14 8
6 15 0
6 16 14
6 17 7
6 18 9
6 19 5
6 20 2
6 21 12
6 22 6
6 23 10
6 24 11
6 25 5
6 26 10
6 27 1
6 28 6
6 29 15
6 30 6
6 31 14
6 32 0
6 33 13
6 34 10
6 35 6
6 36 10
6 37 12
6 38 1
6 39 0
6 40 4
6 41 6
6 42 0
6 43 8
6 44 4
6 45 6
6 46 8
6 47 11
6 48 11
6 49 10
7 0 1
7 1 10
7 2 4
7 3 13
7 4 11
7 5 7
7 6 10
7 7 9
7 8 7
7 9 2
7 10 3
7 11 7
7 12 14
7 13 7
7 14 15
7 15 6
7 16 6
7 17 12
7 18 7
7 19 4
7 20 3
7 21 7
7 22 1
7 23 2
7 24 11
7 25 5
7 26 14
7 27 7
7 28 6
7 29 10
7 30 7
7 31 3
7 32 13
7 33 2
7 34 14
7 35 5
7 36 4
7 37 4
7 38 9
7 39 4
7 40 13
7 41 14
7 42 11
7 43 7
7 44 11
7 45 8
7 46 7
7 47 10
7 48 10
7 49 0
8 0 6
8 1 0
8 2 13
8 3 0
8 4 4
8 5 10
8 6 7
8 7 6
8 8 12
8 9 3
8 10 15
8 11 5
8 12 0
8 13 2
8 14 2
8 15 7
8 16 15
8 17 3
8 18 2
8 19 2
8 20 7
8 21 6
8 22 1
8 23 10
8 24 15
8 25 0
8 26 14
8 27 3
8 28 12
8 29 15
8 30 4
8 31 12
8 32 14
8 33 3
8 34 7
8 35 6
8 36 0
8 37 12
8 38 14
8 39 12
8 40 1
8 41 13
8 42 6
8 43 2
8 44 15
8 45 11
8 46 0
8 47 10
8 48 15
8 49 10
9 0 12
9 1 13
9 2 10
9 3 13
9 4 10
9 5 10
9 6 10
9 7 8
9 8 13
9 9 2
9 10 13
9 11 7
9 12 13
9 13 5
9 14 14
9 15 4
9 16 14
9 17 6
9 18 5
9 19 5
9 20 11
9 21 1
9 22 0
9 23 3
9 24 14
9 25 2
9 26 7
9 27 1
9 28 1
9 29 1
9 30 1
9 31 3
9 32 7
9 33 14
9 34 7
9 35 12
9 36 6
9 37 13
9 38 7
9 39 0
9 40 15
9 41 12
9 42 15
9 43 3
9 44 3
9 45 15
9 46 11
9 47 3
9 48 14
9 49 0
10 0 12
10 1 4
10 2 14
10 3 11
10 4 1
10 5 15
10 6 11
10 7 6
10 8 12
10 9 6
10 10 15
10 11 8
10 12 6
10 13 13
10 14 3
10 15 8
10 16 5
10 17 7
10 18 15
10 19 6
10 20 7
10 21 3
10 22 5
10 23 9
10 24 0
10 25 10
10 26 4
10 27 1
10 28 6
10 29 8
10 30 6
10 31 12
10 32 13
10 33 7
10 34 8
10 35 13
10 36 9
10 37 10
10 38 13
10 39 3
10 40 11
10 41 11
10 42 7
10 43 11
10 44 15
10 45 5
10 46 13
10 47 8
10 48 6
10 49 3
11 0 7
11 1 2
11 2 6
11 3 1
11 4 8
11 5 5
11 6 3
11 7 13
11 8 8
11 9 15
11 10 0
11 11 14
11 12 9
11 13 0
11 14 5
11 15 0
11 16 15
11 17 5
11 18 14
11 19 5
11 20 9
11 21 15
11 22 4
11 23 13
11 24 3
11 25 15
11 26 1
11 27 12
11 28 0
11 29 2
11 30 10
11 31 10
11 32 15
11 33 1
11 34 11
11 35 2
11 36 15
11 37 7
11 38 15
11 39 13
11 40 14
11 41 14
11 42 5
11 43 10
11 44 4
11 45 13
11 46 9
11 47 14
11 48 7
11 49 2
12 0 12
12 1 0
12 2 4
12 3 0
12 4 3
12 5 7
12 6 3
12 7 2
12 8 12
12 9 14
12 10 10
12 11 2
12 12 7
12 13 5
12 14 14
12 15 6
12 16 7
12 17 9
12 18 15
12 19 6
12 20 9
12 21 15
12 22 4
12 23 1
12 24 13
12 25 12
12 26 1
12 27 9
12 28 8
12 29 6
12 30 10
12 31 3
12 32 14
12 33 7
12 34 7
12 35 4
12 36 5
12 37 11
12 38 11
12 39 15
12 40 1
12 41 14
12 42 8
12 43 4
12 44 1
12 45 10
12 46 13
12 47 10
12 48 0
12 49 13
13 0 1
13 1 11
13 2 11
13 3 2
13 4 3
13 5 5
13 6 13
13 7 10
13 8 4
13 9 8
13 10 2
13 11 9
13 12 4
13 13 15
13 14 14
13 15 10
13 16 6
13 17 4
13 18 3
13 19 8
13 20 2
13 21 6
13 22 1
13 23 13
13 24 7
13 25 12
13 26 5
13 27 12
13 28 4
13 29 6
13 30 13
13 31 8
13 32 9
13 33 7
13 34 10
13 35 3
13 36 3
13 37 3
13 38 14
13 39 4
13 40 14
13 41 9
13 42 3
13 43 7
13 44 7
13 45 9
13 46 11
13 47 6
13 48 4
13 49 6
14 0 1
14 1 6
14 2 2
14 3 2
14 4 10
14 5 13
14 6 12
14 7 3
14 8 8
14 9 2
14 10 15
14 11 6
14 12 4
14 13 14
14 14 13
14 15 8
14 16 2
14 17 15
14 18 1
14 19 9
14 20 8
14 21 13
14 22 7
14 23 5
14 24 11
14 25 6
14 26 4
14 27 12
14 28 4
14 29 10
14 30 6
14 31 13
14 32 12
14 33 6
14 34 13
14 35 12
14 36 14
14 37 15
14 38 15
14 39 0
14 40 11
14 41 5
14 42 1
14 43 11
14 44 2
14 45 12
14 46 12
14 47 11
14 48 10
14 49 13
15 0 0
15 1 1
15 2 0
15 3 8
15 4 10
15 5 4
15 6 3
15 7 0
15 8 3
15 9 15
15 10 8
15 11 14
15 12 3
15 13 7
15 14 11
15 15 5
15 16 2
15 17 1
15 18 3
15 19 0
15 20 4
15 21 15
15 22 7
15 23 15
15 24 5
15 25 10
15 26 0
15 27 4
15 28 13
15 29 15
15 30 15
15 31 9
15 32 11
15 33 7
15 34 5
15 35 11
15 36 8
15 37 1
15 38 13
15 39 5
15 40 6
15 41 9
15 42 15
15 43 0
15 44 13
15 45 1
15 46 3
15 47 10
15 48 10
15 49 13
16 0 13
16 1 5
16 2 11
16 3 6
16 4 15
16 5 6
16 6 7
16 7 13
16 8 5
16 9 2
16 10 4
16 11 14
16 12 11
16 13 1
16 14 12
16 15 5
16 16 15
16 17 7
16 18 1
16 19 0
16 20 13
16 21 14
16 22 11
16 23 1
16 24 5
16 25 0
16 26 3
16 27 9
16 28 10
16 29 4
16 30 8
16 31 6
16 32 5
16 33 14
16 34 13
16 35 1
16 36 0
16 37 5
16 38 8
16 39 8
16 40 2
16 41 5
16 42 9
16 43 5
16 44 10
16 45 1
16 46 13
16 47 6
16 48 0
16 49 1
17 0 14
17 1 8
17 2 13
17 3 2
17 4 0
17 5 6
17 6 13
17 7 5
17 8 4
17 9 15
17 10 8
17 11 15
17 12 5
17 13 6
17 14 1
17 15 0
17 16 1
17 17 0
17 18 6
17 19 4
17 20 8
17 21 1
17 22 11
17 23 14
17 24 13
17 25 5
17 26 1
17 27 1
17 28 0
17 29 4
17 30 3
17 31 7
17 32 13
17 33 5
17 34 14
17 35 6
17 36 4
17 37 13
17 38 6
17 39 4
17 40 10
17 41 5
17 42 13
17 43 3
17 44 15
17 45 13
17 46 12
17 47 3
17 48 3
17 49 5
18 0 3
18 1 12
18 2 3
18 3 7
18 4 5
18 5 0
18 6 15
18 7 14
18 8 3
18 9 0
18 10 1
18 11 2
18 12 1
18 13 11
18 14 8
18 15 6
18 16 4
18 17 9
18 18 2
18 19 11
18 20 10
18 21 11
18 22 9
18 23 3
18 24 5
18 25 8
18 26 10
18 27 10
18 28 14
18 29 1
18 30 6
18 31 14
18 32 0
18 33 0
18 34 14
18 35 1
18 36 1
18 37 10
18 38 5
18 39 10
18 40 15
18 41 2
18 42 1
18 43 3
18 44 0
18 45 8
18 46 5
18 47 1
18 48 13
18 49 6
19 0 4
19 1 13
19 2 14
19 3 5
19 4 12
19 5 11
19 6 4
19 7 4
19 8 1
19 9 15
19 10 1
19 11 15
19 12 6
19 13 5
19 14 15
19 15 6
19 16 12
19 17 15
19 18 9
19 19 2
19 20 12
19 21 10
19 22 7
19 23 9
19 24 13
19 25 0
19 26 8
19 27 11
19 28 12
19 29 15
19 30 13
19 31 4
19 32 3
19 33 9
19 34 5
19 35 11
19 36 2
19 37 1
19 38 3
19 39 9
19 40 3
19 41 15
19 42 14
19 43 6
19 44 15
19 45 12
19 46 6
19 47 12
19 48 5
19 49 5
20 0 10
20 1 15
20 2 12
20 3 12
20 4 1
20 5 14
20 6 11
20 7 13
20 8 10
20 9 3
20 10 0
20 11 7
20 12 13
20 13 9
20 14 8
20 15 6
20 16 2
20 17 2
20 18 9
20 19 1
20 20 3
20 21 3
20 22 4
20 23 11
20 24 3
20 25 6
20 26 4
20 27 11
20 28 6
20 29 1
20 30 1
20 31 0
20 32 15
20 33 0
20 34 10
20 35 13
20 36 13
20 37 12
20 38 2
20 39 3
20 40 1
20 41 0
20 42 15
20 43 8
20 44 0
20 45 4
20 46 12
20 47 6
20 48 0
20 49 10
21 0 2
21 1 1
21 2 1
21 3 3
21 4 6
21 5 0
21 6 8
21 7 4
21 8 9
21 9 15
21 10 12
21 11 15
21 12 3
21 13 4
21 14 0
21 15 11
21 16 5
21 17 9
21 18 2
21 19 4
21 20 13
21 21 4
21 22 8
21 23 4
21 24 14
21 25 15
21 26 6
21 27 6
21 28 4
21 29 15
21 30 1
21 31 10
21 32 11
21 33 2
21 34 9
21 35 1
21 36 6
21 37 11
21 38 5
21 39 4
21 40 7
21 41 14
21 42 2
21 43 13
21 44 12
21 45 9
21 46 4
21 47 1
21 48 3
21 49 10
22 0 11
22 1 4
22 2 11
22 3 2
22 4 2
22 5 0
22 6 13
22 7 13
22 8 7
22 9 4
22 10 6
22 11 5
22 12 5
22 13 0
22 14 5
22 15 4
22 16 13
22 17 3
22 18 12
22 19 3
22 20 0
22 21 6
22 22 13
22 23 13
22 24 13
22 25 1
22 26 11
22 27 12
22 28 15
22 29 2
22 30 6
22 31 13
22 32 11
22 33 7
22 34 1
22 35 2
22 36 8
22 37 3
22 38 11
22 39 2
22 40 0
22 41 6
22 42 13
22 43 1
22 44 5
22 45 11
22 46 15
22 47 7
22 48 6
22 49 13
23 0 15
23 1 12
23 2 15
23 3 13
23 4 9
23 5 15
23 6 0
23 7 5
23 8 11
23 9 0
23 10 6
23 11 2
23 12 10
23 13 4
23 14 8
23 15 3
23 16 13
23 17 5
23 18 12
23 19 13
23 20 9
23 21 4
23 22 1
23 23 10
23 24 0
23 25 11
23 26 3
23 27 2
23 28 14
23 29 8
23 30 3
23 31 14
23 32 7
23 33 0
23 34 13
23 35 2
23 36 13
23 37 0
23 38 9
23 39 9
23 40 6
23 41 7
23 42 9
23 43 1
23 44 11
23 45 2
23 46 14
23 47 13
23 48 11
23 49 14
24 0 5
24 1 0
24 2 3
24 3 8
24 4 1
24 5 8
24 6 4
24 7 5
24 8 14
24 9 3
24 10 10
24 11 3
24 12 7
24 13 2
24 14 8
24 15 4
24 16 7
24 17 1
24 18 0
24 19 3
24 20 12
24 21 1
24 22 2
24 23 13
24 24 3
24 25 1
24 26 11
24 27 4
24 28 15
24 29 1
24 30 10
24 31 14
24 32 7
24 33 7
24 34 15
24 35 11
24 36 4
24 37 4
24 38 6
24 39 2
24 40 15
24 41 13
24 42 15
24 43 4
24 44 12
24 45 9
24 46 0
24 47 14
24 48 12
24 49 13
25 0 7
25 1 9
25 2 12
25 3 2
25 4 13
25 5 3
25 6 3
25 7 5
25 8 10
25 9 13
25 10 9
25 11 8
25 12 12
25 13 6
25 14 8
25 15 11
25 16 8
25 17 14
25 18 8
25 19 9
25 20 6
25 21 10
25 22 4
25 23 14
25 24 9
25 25 1
25 26 5
25 27 5
25 28 9
25 29 1
25 30 8
25 31 4
25 32 9
25 33 6
25 34 1
25 35 6
25 36 6
25 37 1
25 38 4
25 39 6
25 40 4
25 41 3
25 42 13
25 43 15
25 44 3
25 45 15
25 46 9
25 47 4
25 48 5
25 49 13
26 0 4
26 1 9
26 2 9
26 3 15
26 4 13
26 5 13
26 6 4
26 7 6
26 8 6
26 9 12
26 10 2
26 11 14
26 12 3
26 13 10
26 14 1
26 15 11
26 16 12
26 17 0
26 18 11
26 19 8
26 20 1
26 21 1
26 22 2
26 23 3
26 24 3
26 25 10
26 26 10
26 27 13
26 28 12
26 29 8
26 30 3
26 31 0
26 32 2
26 33 3
26 34 6
26 35 0
26 36 15
26 37 7
26 38 3
26 39 3
26 40 7
26 41 9
26 42 10
26 43 11
26 44 9
26 45 10
26 46 8
26 47 5
26 48 15
26 49 14
27 0 5
27 1 11
27 2 4
27 3 7
27 4 14
27 5 1
27 6 9
27 7 10
27 8 15
27 9 8
27 10 13
27 11 11
27 12 7
27 13 5
27 14 11
27 15 15
27 16 5
27 17 8
27 18 12
27 19 15
27 20 12
27 21 3
27 22 1
27 23 3
27 24 5
27 25 15
27 26 1
27 27 1
27 28 3
27 29 11
27 30 0
27 31 7
27 32 2
27 33 14
27 34 15
27 35 9
27 36 15
27 37 14
27 38 7
27 39 9
27 40 9
27 41 9
27 42 15
27 43 13
27 44 12
27 45 4
27 46 3
27 47 15
27 48 4
27 49 14
28 0 8
28 1 13
28 2 3
28 3 8
28 4 4
28 5 0
28 6 11
28 7 4
28 8 15
28 9 11
28 10 7
28 11 15
28 12 1
28 13 10
28 14 4
28 15 14
28 16 11
28 17 15
28 18 12
28 19 14
28 20 4
28 21 10
28 22 2
28 23 3
28 24 13
28 25 7
28 26 13
28 27 7
28 28 11
28 29 13
28 30 8
28 31 10
28 32 10
28 33 1
28 34 3
28 35 10
28 36 10
28 37 8
28 38 11
28 39 9
28 40 5
28 41 10
28 42 14
28 43 8
28 44 7
28 45 6
28 46 11
28 47 7
28 48 1
28 49 6
29 0 12
29 1 12
29 2 1
29 3 5
29 4 9
29 5 8
29 6 9
29 7 8
29 8 11
29 9 10
29 10 9
29 11 9
29 12 2
29 13 3
29 14 6
29 15 5
29 16 3
29 17 9
29 18 14
29 19 9
29 20 2
29 21 3
29 22 13
29 23 8
29 24 14
29 25 12
29 26 9
29 27 4
29 28 6
29 29 4
29 30 2
29 31 9
29 32 0
29 33 0
29 34 7
29 35 10
29 36 13
29 37 13
29 38 0
29 39 12
29 40 14
29 41 8
29 42 15
29 43 3
29 44 8
29 45 7
29 46 9
29 47 5
29 48 7
29 49 9
30 0 13
30 1 0
30 2 12
30 3 5
30 4 2
30 5 6
30 6 1
30 7 7
30 8 11
30 9 2
30 10 11
30 11 10
30 12 12
30 13 15
30 14 0
30 15 4
30 16 11
30 17 9
30 18 7
30 19 3
30 20 3
30 21 9
30 22 4
30 23 6
30 24 0
30 25 0
30 26 15
30 27 9
30 28 2
30 29 14
30 30 9
30 31 15
30 32 4
30 33 0
30 34 8
30 35 8
30 36 9
30 37 10
30 38 12
30 39 2
30 40 9
30 41 0
30 42 1
30 43 13
30 44 6
30 45 12
30 46 6
30 47 11
30 48 6
30 49 8
31 0 9
31 1 1
31 2 7
31 3 1
31 4 7
31 5 3
31 6 10
31 7 13
31 8 6
31 9 14
31 10 12
31 11 7
31 12 10
31 13 8
31 14 2
31 15 9
31 16 9
31 17 12
31 18 10
31 19 12
31 20 11
31 21 11
31 22 9
31 23 9
31 24 15
31 25 3
31 26 12
31 27 12
31 28 15
31 29 6
31 30 10
31 31 8
31 32 12
31 33 15
31 34 1
31 35 14
31 36 13
31 37 13
31 38 8
31 39 2
31 40 10
31 41 5
31 42 9
31 43 6
31 44 11
31 45 13
31 46 7
31 47 0
31 48 7
31 49 9
32 0 7
32 1 13
32 2 1
32 3 2
32 4 9
32 5 6
32 6 9
32 7 3
32 8 3
32 9 0
32 10 10
32 11 11
32 12 9
32 13 0
32 14 3
32 15 10
32 16 6
32 17 4
32 18 11
32 19 5
32 20 6
32 21 12
32 22 11
32 23 2
32 24 10
32 25 12
32 26 3
32 27 10
32 28 0
32 29 7
32 30 14
32 31 15
32 32 10
32 33 14
32 34 12
32 35 0
32 36 9
32 37 12
32 38 3
32 39 0
32 40 8
32 41 15
32 42 6
32 43 5
32 44 2
32 45 10
32 46 15
32 47 1
32 48 11
32 49 0
33 0 15
33 1 3
33 2 8
33 3 7
33 4 1
33 5 13
33 6 7
33 7 12
33 8 1
33 9 9
33 10 0
33 11 13
33 12 7
33 13 15
33 14 8
33 15 4
33 16 2
33 17 0
33 18 12
33 19 6
33 20 7
33 21 5
33 22 7
33 23 5
33 24 1
33 25 4
33 26 1
33 27 3
33 28 0
33 29 0
33 30 15
33 31 6
33 32 3
33 33 1
33 34 4
33 35 11
33 36 10
33 37 7
33 38 9
33 39 4
33 40 7
33 41 10
33 42 12
33 43 2
33 44 3
33 45 13
33 46 5
33 47 10
33 48 11
33 49 5
34 0 6
34 1 14
34 2 8
34 3 15
34 4 0
34 5 0
34 6 15
34 7 4
34 8 0
34 9 0
34 10 8
34 11 13
34 12 2
34 13 10
34 14 3
34 15 14
34 16 8
34 17 8
34 18 6
34 19 11
34 20 6
34 21 7
34 22 7
34 23 11
34 24 7
34 25 5
34 26 11
34 27 2
34 28 12
34 29 9
34 30 2
34 31 13
34 32 2
34 33 0
34 34 7
34 35 4
34 36 0
34 37 14
34 38 4
34 39 15
34 40 4
34 41 1
34 42 9
34 43 0
34 44 7
34 45 6
34 46 13
34 47 0
34 48 10
34 49 4
35 0 3
35 1 9
35 2 4
35 3 13
35 4 8
35 5 8
35 6 12
35 7 9
35 8 13
35 9 5
35 10 11
35 11 6
35 12 7
35 13 12
35 14 5
35 15 8
35 16 15
35 17 8
35 18 3
35 19 4
35 20 9
35 21 0
35 22 5
35 23 5
35 24 9
35 25 13
35 26 14
35 27 11
35 28 4
35 29 15
35 30 12
35 31 2
35 32 15
35 33 8
35 34 6
35 35 6
35 36 8
35 37 3
35 38 5
35 39 14
35 40 10
35 41 15
35 42 10
35 43 10
35 44 9
35 45 9
35 46 13
35 47 15
35 48 6
35 49 10
36 0 7
36 1 3
36 2 9
36 3 8
36 4 13
36 5 8
36 6 10
36 7 10
36 8 13
36 9 3
36 10 14
36 11 2
36 12 11
36 13 9
36 14 12
36 15 7
36 16 12
36 17 1
36 18 12
36 19 0
36 20 7
36 21 13
36 22 3
36 23 6
36 24 8
36 25 14
36 26 14
36 27 14
36 28 0
36 29 3
36 30 10
36 31 10
36 32 2
36 33 14
36 34 9
36 35 0
36 36 11
36 37 1
36 38 6
36 39 15
36 40 2
36 41 15
36 42 9
36 43 13
36 44 7
36 45 11
36 46 1
36 47 10
36 48 3
36 49 6
37 0 12
37 1 0
37 2 10
37 3 15
37 4 7
37 5 9
37 6 11
37 7 10
37 8 15
37 9 12
37 10 5
37 11 11
37 12 5
37 13 10
37 14 9
37 15 14
37 16 5
37 17 9
37 18 11
37 19 7
37 20 14
37 21 4
37 22 0
37 23 9
37 24 7
37 25 5
37 26 6
37 27 2
37 28 5
37 29 13
37 30 11
37 31 11
37 32 11
37 33 10
37 34 10
37 35 10
37 36 3
37 37 0
37 38 13
37 39 14
37 40 3
37 41 9
37 42 0
37 43 10
37 44 14
37 45 0
37 46 4
37 47 5
37 48 12
37 49 9
38 0 0
38 1 7
38 2 7
38 3 6
38 4 10
38 5 11
38 6 11
38 7 9
38 8 13
38 9 7
38 10 1
38 11 1
38 12 13
38 13 2
38 14 2
38 15 1
38 16 1
38 17 3
38 18 0
38 19 8
38 20 1
38 21 7
38 22 5
38 23 11
38 24 6
38 25 2
38 26 15
38 27 12
38 28 13
38 29 3
38 30 8
38 31 15
38 32 15
38 33 5
38 34 3
38 35 0
38 36 5
38 37 9
38 38 1
38 39 6
38 40 11
38 41 2
38 42 6
38 43 8
38 44 9
38 45 0
38 46 6
38 47 13
38 48 0
38 49 5
39 0 2
39 1 10
39 2 4
39 3 3
39 4 13
39 5 15
39 6 3
39 7 4
39 8 5
39 9 9
39 10 4
39 11 3
39 12 3
39 13 13
39 14 5
39 15 6
39 16 4
39 17 5
39 18 1
39 19 3
39 20 9
39 21 8
39 22 13
39 23 3
39 24 11
39 25 2
39 26 2
39 27 15
39 28 4
39 29 0
39 30 1
39 31 4
39 32 12
39 33 0
39 34 4
39 35 4
39 36 9
39 37 7
39 38 5
39 39 13
39 40 15
39 41 13
39 42 12
39 43 1
39 44 6
39 45 2
39 46 9
39 47 8
39 48 7
39 49 11
40 0 4
40 1 12
40 2 5
40 3 13
40 4 4
40 5 13
40 6 8
40 7 11
40 8 4
40 9 13
40 10 15
40 11 15
40 12 1
40 13 2
40 14 10
40 15 5
40 16 14
40 17 8
40 18 7
40 19 10
40 20 15
40 21 13
40 22 13
40 23 12
40 24 5
40 25 1
40 26 5
40 27 8
40 28 10
40 29 3
40 30 10
40 31 12
40 32 0
40 33 1
40 34 13
40 35 7
40 36 13
40 37 5
40 38 15
40 39 12
40 40 10
40 41 12
40 42 12
40 43 5
40 44 14
40 45 1
40 46 13
40 47 7
40 48 15
40 49 11
41 0 13
41 1 13
41 2 13
41 3 4
41 4 4
41 5 13
41 6 11
41 7 6
41 8 3
41 9 5
41 10 9
41 11 8
41 12 9
41 13 11
41 14 1
41 15 0
41 16 13
41 17 7
41 18 14
41 19 13
41 20 0
41 21 7
41 22 8
41 23 3
41 24 12
41 25 8
41 26 4
41 27 6
41 28 15
41 29 4
41 30 6
41 31 11
41 32 12
41 33 2
41 34 9
41 35 4
41 36 11
41 37 6
41 38 5
41 39 14
41 40 3
41 41 14
41 42 1
41 43 8
41 44 13
41 45 9
41 46 10
41 47 1
41 48 4
41 49 9
42 0 6
42 1 14
42 2 2
42 3 0
42 4 4
42 5 5
42 6 10
42 7 6
42 8 10
42 9 4
42 10 5
42 11 5
42 12 1
42 13 8
42 14 10
42 15 6
42 16 1
42 17 5
42 18 13
42 19 14
42 20 14
42 21 4
42 22 1
42 23 5
42 24 7
42 25 0
42 26 7
42 27 2
42 28 8
42 29 2
42 30 12
42 31 7
42 32 4
42 33 15
42 34 7
42 35 12
42 36 1
42 37 15
42 38 13
42 39 4
42 40 0
42 41 8
42 42 6
42 43 12
42 44 15
42 45 15
42 46 6
42 47 12
42 48 11
42 49 4
43 0 3
43 1 11
43 2 6
43 3 13
43 4 4
43 5 6
43 6 11
43 7 9
43 8 8
43 9 2
43 10 13
43 11 13
43 12 6
43 13 12
43 14 7
43 15 14
43 16 15
43 17 11
43 18 7
43 19 1
43 20 11
43 21 5
43 22 7
43 23 1
43 24 9
43 25 4
43 26 9
43 27 3
43 28 13
43 29 15
43 30 12
43 31 9
43 32 1
43 33 14
43 34 6
43 35 11
43 36 3
43 37 15
43 38 1
43 39 1
43 40 0
43 41 14
43 42 5
43 43 5
43 44 15
43 45 11
43 46 12
43 47 10
43 48 4
43 49 9
44 0 14
44 1 4
44 2 7
44 3 0
44 4 7
44 5 0
44 6 11
44 7 1
44 8 11
44 9 8
44 10 6
44 11 3
44 12 2
44 13 3
44 14 9
44 15 2
44 16 9
44 17 4
44 18 1
44 19 13
44 20 14
44 21 8
44 22 12
44 23 11
44 24 6
44 25 3
44 26 13
44 27 6
44 28 9
44 29 4
44 30 3
44 31 2
44 32 10
44 33 12
44 34 4
44 35 15
44 36 11
44 37 0
44 38 0
44 39 3
44 40 5
44 41 13
44 42 12
44 43 5
44 44 2
44 45 15
44 46 3
44 47 0
44 48 4
44 49 14
45 0 2
45 1 10
45 2 11
45 3 12
45 4 9
45 5 4
45 6 12
45 7 0
45 8 5
45 9 6
45 10 9
45 11 3
45 12 0
45 13 2
45 14 8
45 15 6
45 16 5
45 17 8
45 18 12
45 19 5
45 20 12
45 21 11
45 22 13
45 23 8
45 24 1
45 25 1
45 26 2
45 27 6
45 28 0
45 29 5
45 30 7
45 31 6
45 32 13
45 33 7
45 34 0
45 35 13
45 36 8
45 37 15
45 38 1
45 39 3
45 40 11
45 41 8
45 42 5
45 43 10
45 44 2
45 45 7
45 46 5
45 47 1
45 48 3
45 49 13
46 0 2
46 1 8
46 2 12
46 3 10
46 4 8
46 5 6
46 6 7
46 7 1
46 8 7
46 9 3
46 10 15
46 11 9
46 12 11
46 13 8
46 14 10
46 15 2
46 16 13
46 17 13
46 18 4
46 19 11
46 20 3
46 21 4
46 22 9
46 23 11
46 24 2
46 25 2
46 26 15
46 27 2
46 28 12
46 29 5
46 30 6
46 31 14
46 32 0
46 33 2
46 34 14
46 35 10
46 36 8
46 37 9
46 38 2
46 39 0
46 40 1
46 41 11
46 42 1
46 43 7
46 44 5
46 45 3
46 46 11
46 47 10
46 48 4
46 49 6
47 0 10
47 1 3
47 2 4
47 3 5
47 4 1
47 5 5
47 6 6
47 7 12
47 8 14
47 9 12
47 10 8
47 11 12
47 12 9
47 13 4
47 14 3
47 15 15
47 16 14
47 17 2
47 18 14
47 19 10
47 20 15
47 21 2
47 22 4
47 23 10
47 24 15
47 25 13
47 26 14
47 27 9
47 28 15
47 29 3
47 30 10
47 31 9
47 32 13
47 33 0
47 34 10
47 35 12
47 36 11
47 37 2
47 38 6
47 39 3
47 40 2
47 41 1
47 42 3
47 43 10
47 44 3
47 45 12
47 46 5
47 47 3
47 48 1
47 49 15
48 0 15
48 1 4
48 2 4
48 3 14
48 4 15
48 5 9
48 6 9
48 7 14
48 8 4
48 9 4
48 10 9
48 11 0
48 12 10
48 13 3
48 14 12
48 15 10
48 16 7
48 17 0
48 18 1
48 19 6
48 20 10
48 21 9
48 22 6
48 23 4
48 24 6
48 25 6
48 26 3
48 27 14
48 28 1
48 29 5
48 30 13
48 31 4
48 32 14
48 33 12
48 34 11
48 35 0
48 36 5
48 37 3
48 38 0
48 39 14
48 40 2
48 41 8
48 42 10
48 43 14
48 44 8
48 45 5
48 46 6
48 47 2
48 48 7
48 49 4
49 0 0
49 1 14
49 2 1
49 3 1
49 4 1
49 5 12
49 6 7
49 7 0
49 8 12
49 9 10
49 10 13
49 11 0
49 12 14
49 13 5
49 14 11
49 15 9
49 16 11
49 17 2
49 18 13
49 19 15
49 20 1
49 21 9
49 22 15
49 23 4
49 24 10
49 25 1
49 26 9
49 27 14
49 28 14
49 29 1
49 30 5
49 31 7
49 32 8
49 33 1
49 34 1
49 35 11
49 36 7
49 37 9
49 38 1
49 39 5
49 40 10
49 41 0
49 42 8
49 43 15
49 44 8
49 45 15
49 46 4
49 47 7
49 48 6
49 49 9
20  
14  
19  
7  
9  
7  
18  
11  
12  
19  
18  
0  
14  
5  
7  
7  
13  
12  
2  
16  
1  
0  
6  
20  
16  
14  
16  
9  
16  
5  
6  
16  
18  
6  
12  
7  
7  
15  
10  
15  
14  
6  
1  
17  
8  
10  
18
8
8
7
18