80
0 0 3
0 1 1
0 2 2
0 3 2
0 4 1
0 5 0
0 6 1
0 7 1
0 8 1
0 9 3
0 10 1
0 11 3
0 12 2
0 13 1
0 14 3
0 15 1
0 16 0
0 17 1
0 18 3
0 19 0
0 20 3
0 21 2
0 22 2
0 23 3
0 24 0
0 25 3
0 26 1
0 27 1
0 28 3
0 29 3
0 30 3
0 31 3
0 32 0
0 33 3
0 34 2
0 35 1
0 36 3
0 37 0
0 38 2
0 39 2
0 40 2
0 41 3
0 42 3
0 43 3
0 44 3
0 45 0
0 46 2
0 47 0
0 48 0
0 49 2
0 50 1
0 51 1
0 52 1
0 53 1
0 54 2
0 55 3
0 56 2
0 57 1
0 58 0
0 59 0
0 60 0
0 61 2
0 62 0
0 63 2
0 64 2
0 65 1
0 66 3
0 67 3
0 68 2
0 69 2
0 70 3
0 71 1
0 72 3
0 73 1
0 74 1
0 75 1
0 76 0
0 77 3
0 78 3
0 79 2
1 0 0
1 1 1
1 2 1
1 3 2
1 4 1
1 5 3
1 6 3
1 7 1
1 8 0
1 9 3
1 10 0
1 11 1
1 12 0
1 13 3
1 14 0
1 15 1
1 16 1
1 17 2
1 18 1
1 19 1
1 20 3
1 21 0
1 22 0
1 23 2
1 24 0
1 25 0
1 26 2
1 27 0
1 28 3
1 29 2
1 30 0
1 31 0
1 32 3
1 33 2
1 34 2
1 35 1
1 36 3
1 37 0
1 38 1
1 39 2
1 40 3
1 41 1
1 42 0
1 43 3
1 44 0
1 45 0
1 46 1
1 47 3
1 48 2
1 49 1
1 50 0
1 51 3
1 52 0
1 53 1
1 54 0
1 55 2
1 56 1
1 57 1
1 58 1
1 59 1
1 60 1
1 61 2
1 62 0
1 63 0
1 64 1
1 65 2
1 66 3
1 67 1
1 68 1
1 69 2
1 70 3
1 71 3
1 72 1
1 73 3
1 74 0
1 75 3
1 76 1
1 77 1
1 78 0
1 79 3
2 0 3
2 1 1
2 2 2
2 3 3
2 4 3
2 5 1
2 6 2
2 7 1
2 8 3
2 9 1
2 10 1
2 11 3
2 12 0
2 13 2
2 14 3
2 15 1
2 16 1
2 17 0
2 18 2
2 19 3
2 20 1
2 21 0
2 22 1
2 23 1
2 24 0
2 25 2
2 26 2
2 27 1
2 28 0
2 29 1
2 30 2
2 31 3
2 32 3
2 33 2
2 34 0
2 35 1
2 36 3
2 37 0
2 38 1
2 39 3
2 40 2
2 41 3
2 42 0
2 43 3
2 44 2
2 45 2
2 46 1
2 47 3
2 48 3
2 49 1
2 50 0
2 51 3
2 52 2
2 53 3
2 54 2
2 55 0
2 56 0
2 57 0
2 58 0
2 59 0
2 60 0
2 61 2
2 62 1
2 63 3
2 64 1
2 65 3
2 66 3
2 67 0
2 68 0
2 69 1
2 70 3
2 71 3
2 72 2
2 73 2
2 74 0
2 75 0
2 76 1
2 77 3
2 78 2
2 79 1
3 0 0
3 1 0
3 2 1
3 3 1
3 4 3
3 5 3
3 6 1
3 7 3
3 8 2
3 9 3
3 10 3
3 11 3
3 12 2
3 13 1
3 14 1
3 15 2
3 16 0
3 17 1
3 18 3
3 19 0
3 20 2
3 21 0
3 22 1
3 23 1
3 24 3
3 25 0
3 26 1
3 27 0
3 28 1
3 29 1
3 30 2
3 31 1
3 32 1
3 33 1
3 34 3
3 35 2
3 36 2
3 37 3
3 38 1
3 39 1
3 40 1
3 41 3
3 42 3
3 43 2
3 44 0
3 45 0
3 46 2
3 47 0
3 48 2
3 49 1
3 50 2
3 51 0
3 52 1
3 53 1
3 54 3
3 55 3
3 56 2
3 57 3
3 58 1
3 59 3
3 60 2
3 61 1
3 62 0
3 63 3
3 64 3
3 65 1
3 66 1
3 67 3
3 68 3
3 69 1
3 70 1
3 71 0
3 72 2
3 73 1
3 74 2
3 75 2
3 76 3
3 77 2
3 78 2
3 79 2
4 0 0
4 1 1
4 2 1
4 3 2
4 4 0
4 5 1
4 6 3
4 7 2
4 8 0
4 9 2
4 10 1
4 11 1
4 12 2
4 13 2
4 14 1
4 15 2
4 16 0
4 17 0
4 18 1
4 19 2
4 20 0
4 21 3
4 22 1
4 23 3
4 24 1
4 25 2
4 26 2
4 27 2
4 28 3
4 29 2
4 30 1
4 31 0
4 32 2
4 33 2
4 34 2
4 35 2
4 36 0
4 37 3
4 38 2
4 39 1
4 40 2
4 41 2
4 42 3
4 43 2
4 44 2
4 45 2
4 46 0
4 47 3
4 48 3
4 49 3
4 50 0
4 51 2
4 52 0
4 53 0
4 54 0
4 55 3
4 56 1
4 57 0
4 58 2
4 59 1
4 60 3
4 61 0
4 62 1
4 63 1
4 64 3
4 65 2
4 66 0
4 67 1
4 68 1
4 69 2
4 70 1
4 71 1
4 72 2
4 73 3
4 74 3
4 75 2
4 76 0
4 77 1
4 78 2
4 79 0
5 0 3
5 1 1
5 2 1
5 3 0
5 4 1
5 5 0
5 6 2
5 7 3
5 8 0
5 9 2
5 10 1
5 11 0
5 12 0
5 13 2
5 14 1
5 15 3
5 16 2
5 17 3
5 18 1
5 19 3
5 20 0
5 21 3
5 22 3
5 23 0
5 24 3
5 25 1
5 26 3
5 27 3
5 28 3
5 29 1
5 30 1
5 31 2
5 32 3
5 33 0
5 34 3
5 35 3
5 36 2
5 37 0
5 38 2
5 39 3
5 40 2
5 41 0
5 42 3
5 43 2
5 44 3
5 45 0
5 46 3
5 47 0
5 48 2
5 49 2
5 50 3
5 51 0
5 52 1
5 53 3
5 54 1
5 55 2
5 56 3
5 57 2
5 58 3
5 59 2
5 60 3
5 61 1
5 62 3
5 63 0
5 64 3
5 65 2
5 66 3
5 67 2
5 68 0
5 69 3
5 70 2
5 71 3
5 72 3
5 73 0
5 74 2
5 75 2
5 76 2
5 77 2
5 78 0
5 79 1
6 0 3
6 1 1
6 2 2
6 3 1
6 4 2
6 5 3
6 6 2
6 7 3
6 8 0
6 9 3
6 10 2
6 11 2
6 12 3
6 13 1
6 14 3
6 15 3
6 16 0
6 17 3
6 18 1
6 19 3
6 20 0
6 21 1
6 22 1
6 23 1
6 24 2
6 25 0
6 26 3
6 27 2
6 28 3
6 29 1
6 30 1
6 31 2
6 32 2
6 33 1
6 34 1
6 35 1
6 36 0
6 37 0
6 38 2
6 39 3
6 40 0
6 41 1
6 42 2
6 43 3
6 44 3
6 45 3
6 46 0
6 47 2
6 48 0
6 49 2
6 50 2
6 51 2
6 52 0
6 53 2
6 54 3
6 55 0
6 56 3
6 57 0
6 58 2
6 59 3
6 60 1
6 61 2
6 62 2
6 63 2
6 64 0
6 65 0
6 66 1
6 67 1
6 68 3
6 69 3
6 70 0
6 71 2
6 72 1
6 73 3
6 74 3
6 75 3
6 76 3
6 77 0
6 78 0
6 79 3
7 0 3
7 1 1
7 2 2
7 3 0
7 4 0
7 5 2
7 6 1
7 7 2
7 8 2
7 9 2
7 10 1
7 11 2
7 12 0
7 13 1
7 14 3
7 15 2
7 16 3
7 17 1
7 18 3
7 19 3
7 20 2
7 21 3
7 22 3
7 23 3
7 24 2
7 25 3
7 26 2
7 27 0
7 28 2
7 29 0
7 30 3
7 31 0
7 32 2
7 33 0
7 34 3
7 35 3
7 36 2
7 37 0
7 38 2
7 39 3
7 40 3
7 41 3
7 42 3
7 43 1
7 44 3
7 45 3
7 46 1
7 47 0
7 48 1
7 49 0
7 50 2
7 51 3
7 52 0
7 53 3
7 54 1
7 55 3
7 56 2
7 57 1
7 58 3
7 59 3
7 60 1
7 61 3
7 62 1
7 63 1
7 64 0
7 65 3
7 66 1
7 67 3
7 68 2
7 69 3
7 70 3
7 71 3
7 72 0
7 73 1
7 74 1
7 75 3
7 76 2
7 77 0
7 78 2
7 79 0
8 0 2
8 1 1
8 2 3
8 3 2
8 4 1
8 5 3
8 6 1
8 7 1
8 8 3
8 9 3
8 10 3
8 11 1
8 12 0
8 13 3
8 14 2
8 15 1
8 16 0
8 17 2
8 18 1
8 19 3
8 20 0
8 21 1
8 22 3
8 23 3
8 24 3
8 25 3
8 26 2
8 27 0
8 28 3
8 29 1
8 30 0
8 31 1
8 32 2
8 33 3
8 34 0
8 35 3
8 36 3
8 37 0
8 38 0
8 39 1
8 40 2
8 41 3
8 42 2
8 43 2
8 44 2
8 45 1
8 46 0
8 47 2
8 48 3
8 49 1
8 50 3
8 51 0
8 52 1
8 53 0
8 54 2
8 55 0
8 56 1
8 57 0
8 58 1
8 59 0
8 60 0
8 61 2
8 62 2
8 63 3
8 64 1
8 65 1
8 66 3
8 67 0
8 68 0
8 69 3
8 70 3
8 71 3
8 72 2
8 73 0
8 74 1
8 75 1
8 76 2
8 77 0
8 78 1
8 79 0
9 0 3
9 1 3
9 2 0
9 3 3
9 4 1
9 5 2
9 6 1
9 7 3
9 8 0
9 9 0
9 10 1
9 11 3
9 12 0
9 13 1
9 14 3
9 15 2
9 16 2
9 17 2
9 18 3
9 19 2
9 20 2
9 21 1
9 22 2
9 23 0
9 24 2
9 25 2
9 26 0
9 27 0
9 28 2
9 29 2
9 30 3
9 31 1
9 32 0
9 33 1
9 34 3
9 35 1
9 36 0
9 37 1
9 38 1
9 39 2
9 40 3
9 41 3
9 42 3
9 43 3
9 44 3
9 45 1
9 46 1
9 47 1
9 48 0
9 49 2
9 50 0
9 51 0
9 52 0
9 53 1
9 54 3
9 55 3
9 56 0
9 57 3
9 58 1
9 59 3
9 60 3
9 61 0
9 62 0
9 63 1
9 64 3
9 65 3
9 66 0
9 67 3
9 68 3
9 69 0
9 70 2
9 71 2
9 72 3
9 73 0
9 74 3
9 75 3
9 76 3
9 77 3
9 78 2
9 79 1
10 0 1
10 1 2
10 2 3
10 3 0
10 4 3
10 5 1
10 6 1
10 7 3
10 8 3
10 9 1
10 10 0
10 11 0
10 12 2
10 13 1
10 14 1
10 15 1
10 16 2
10 17 2
10 18 1
10 19 3
10 20 3
10 21 1
10 22 2
10 23 3
10 24 1
10 25 2
10 26 0
10 27 2
10 28 1
10 29 2
10 30 1
10 31 1
10 32 2
10 33 1
10 34 3
10 35 0
10 36 2
10 37 2
10 38 3
10 39 2
10 40 2
10 41 2
10 42 0
10 43 1
10 44 2
10 45 3
10 46 1
10 47 3
10 48 0
10 49 3
10 50 3
10 51 0
10 52 0
10 53 2
10 54 2
10 55 1
10 56 0
10 57 2
10 58 2
10 59 1
10 60 3
10 61 1
10 62 2
10 63 3
10 64 0
10 65 3
10 66 1
10 67 0
10 68 2
10 69 3
10 70 1
10 71 1
10 72 2
10 73 0
10 74 3
10 75 2
10 76 1
10 77 2
10 78 2
10 79 0
11 0 1
11 1 3
11 2 3
11 3 0
11 4 1
11 5 2
11 6 3
11 7 2
11 8 1
11 9 3
11 10 0
11 11 3
11 12 2
11 13 2
11 14 3
11 15 3
11 16 2
11 17 3
11 18 1
11 19 1
11 20 3
11 21 0
11 22 1
11 23 1
11 24 2
11 25 0
11 26 2
11 27 2
11 28 2
11 29 1
11 30 0
11 31 1
11 32 1
11 33 2
11 34 0
11 35 1
11 36 0
11 37 0
11 38 1
11 39 1
11 40 0
11 41 1
11 42 2
11 43 1
11 44 3
11 45 2
11 46 3
11 47 0
11 48 1
11 49 1
11 50 1
11 51 3
11 52 0
11 53 1
11 54 2
11 55 1
11 56 3
11 57 0
11 58 3
11 59 2
11 60 3
11 61 2
11 62 1
11 63 0
11 64 0
11 65 1
11 66 3
11 67 2
11 68 0
11 69 1
11 70 3
11 71 3
11 72 0
11 73 0
11 74 0
11 75 2
11 76 1
11 77 0
11 78 1
11 79 2
12 0 1
12 1 0
12 2 3
12 3 1
12 4 1
12 5 1
12 6 3
12 7 0
12 8 3
12 9 1
12 10 2
12 11 3
12 12 0
12 13 3
12 14 0
12 15 2
12 16 2
12 17 0
12 18 2
12 19 1
12 20 0
12 21 3
12 22 3
12 23 2
12 24 2
12 25 3
12 26 2
12 27 0
12 28 1
12 29 1
12 30 2
12 31 2
12 32 1
12 33 3
12 34 3
12 35 3
12 36 1
12 37 1
12 38 3
12 39 3
12 40 2
12 41 3
12 42 3
12 43 1
12 44 1
12 45 1
12 46 3
12 47 2
12 48 0
12 49 1
12 50 1
12 51 0
12 52 2
12 53 3
12 54 0
12 55 3
12 56 3
12 57 3
12 58 0
12 59 1
12 60 1
12 61 0
12 62 3
12 63 1
12 64 0
12 65 3
12 66 1
12 67 2
12 68 2
12 69 2
12 70 0
12 71 0
12 72 2
12 73 3
12 74 1
12 75 0
12 76 1
12 77 0
12 78 0
12 79 2
13 0 0
13 1 3
13 2 1
13 3 0
13 4 3
13 5 1
13 6 2
13 7 1
13 8 1
13 9 2
13 10 0
13 11 2
13 12 2
13 13 2
13 14 3
13 15 3
13 16 3
13 17 1
13 18 0
13 19 0
13 20 2
13 21 2
13 22 0
13 23 3
13 24 0
13 25 2
13 26 2
13 27 2
13 28 1
13 29 0
13 30 1
13 31 0
13 32 2
13 33 2
13 34 3
13 35 3
13 36 2
13 37 1
13 38 3
13 39 0
13 40 2
13 41 0
13 42 3
13 43 3
13 44 3
13 45 0
13 46 3
13 47 1
13 48 1
13 49 3
13 50 2
13 51 0
13 52 2
13 53 3
13 54 3
13 55 0
13 56 2
13 57 0
13 58 1
13 59 3
13 60 0
13 61 0
13 62 1
13 63 0
13 64 2
13 65 1
13 66 1
13 67 0
13 68 0
13 69 1
13 70 1
13 71 1
13 72 3
13 73 1
13 74 3
13 75 0
13 76 1
13 77 3
13 78 0
13 79 1
14 0 1
14 1 3
14 2 0
14 3 2
14 4 1
14 5 3
14 6 0
14 7 3
14 8 2
14 9 2
14 10 0
14 11 1
14 12 0
14 13 0
14 14 1
14 15 3
14 16 1
14 17 0
14 18 1
14 19 0
14 20 0
14 21 1
14 22 3
14 23 2
14 24 0
14 25 0
14 26 0
14 27 0
14 28 1
14 29 1
14 30 3
14 31 3
14 32 2
14 33 3
14 34 0
14 35 3
14 36 1
14 37 0
14 38 1
14 39 1
14 40 3
14 41 0
14 42 1
14 43 0
14 44 1
14 45 0
14 46 2
14 47 1
14 48 0
14 49 2
14 50 3
14 51 1
14 52 3
14 53 0
14 54 3
14 55 3
14 56 0
14 57 2
14 58 1
14 59 2
14 60 0
14 61 3
14 62 3
14 63 3
14 64 3
14 65 2
14 66 2
14 67 0
14 68 3
14 69 0
14 70 1
14 71 2
14 72 0
14 73 0
14 74 0
14 75 1
14 76 1
14 77 2
14 78 2
14 79 3
15 0 2
15 1 3
15 2 1
15 3 0
15 4 2
15 5 2
15 6 0
15 7 0
15 8 0
15 9 2
15 10 2
15 11 0
15 12 0
15 13 3
15 14 3
15 15 0
15 16 1
15 17 3
15 18 0
15 19 2
15 20 3
15 21 2
15 22 0
15 23 3
15 24 0
15 25 3
15 26 0
15 27 3
15 28 0
15 29 2
15 30 1
15 31 1
15 32 2
15 33 2
15 34 0
15 35 3
15 36 1
15 37 3
15 38 3
15 39 1
15 40 1
15 41 3
15 42 0
15 43 0
15 44 0
15 45 1
15 46 1
15 47 1
15 48 2
15 49 2
15 50 1
15 51 3
15 52 3
15 53 0
15 54 3
15 55 1
15 56 2
15 57 2
15 58 1
15 59 0
15 60 2
15 61 1
15 62 1
15 63 1
15 64 2
15 65 3
15 66 0
15 67 2
15 68 3
15 69 0
15 70 3
15 71 1
15 72 1
15 73 0
15 74 2
15 75 2
15 76 1
15 77 1
15 78 2
15 79 1
16 0 3
16 1 2
16 2 1
16 3 0
16 4 0
16 5 3
16 6 1
16 7 1
16 8 0
16 9 2
16 10 1
16 11 1
16 12 1
16 13 1
16 14 2
16 15 1
16 16 2
16 17 0
16 18 2
16 19 3
16 20 2
16 21 3
16 22 3
16 23 3
16 24 1
16 25 3
16 26 1
16 27 1
16 28 3
16 29 1
16 30 2
16 31 3
16 32 3
16 33 3
16 34 3
16 35 1
16 36 2
16 37 0
16 38 3
16 39 1
16 40 1
16 41 1
16 42 2
16 43 2
16 44 1
16 45 2
16 46 1
16 47 0
16 48 2
16 49 2
16 50 0
16 51 3
16 52 1
16 53 1
16 54 2
16 55 1
16 56 2
16 57 1
16 58 0
16 59 3
16 60 0
16 61 3
16 62 3
16 63 1
16 64 3
16 65 2
16 66 1
16 67 1
16 68 3
16 69 2
16 70 2
16 71 3
16 72 1
16 73 0
16 74 2
16 75 3
16 76 3
16 77 2
16 78 1
16 79 2
17 0 1
17 1 3
17 2 0
17 3 2
17 4 0
17 5 2
17 6 2
17 7 0
17 8 1
17 9 2
17 10 3
17 11 1
17 12 1
17 13 1
17 14 0
17 15 2
17 16 1
17 17 3
17 18 3
17 19 3
17 20 2
17 21 0
17 22 1
17 23 1
17 24 1
17 25 1
17 26 1
17 27 1
17 28 2
17 29 3
17 30 2
17 31 3
17 32 2
17 33 0
17 34 2
17 35 1
17 36 2
17 37 0
17 38 1
17 39 0
17 40 0
17 41 0
17 42 3
17 43 3
17 44 3
17 45 0
17 46 1
17 47 2
17 48 0
17 49 0
17 50 1
17 51 1
17 52 1
17 53 3
17 54 2
17 55 1
17 56 0
17 57 1
17 58 2
17 59 1
17 60 1
17 61 2
17 62 2
17 63 1
17 64 0
17 65 3
17 66 0
17 67 0
17 68 0
17 69 0
17 70 3
17 71 2
17 72 0
17 73 1
17 74 0
17 75 1
17 76 3
17 77 3
17 78 1
17 79 2
18 0 1
18 1 1
18 2 3
18 3 1
18 4 3
18 5 3
18 6 2
18 7 1
18 8 0
18 9 0
18 10 0
18 11 3
18 12 1
18 13 0
18 14 1
18 15 2
18 16 0
18 17 3
18 18 1
18 19 2
18 20 3
18 21 1
18 22 1
18 23 2
18 24 2
18 25 0
18 26 0
18 27 1
18 28 1
18 29 1
18 30 3
18 31 0
18 32 1
18 33 1
18 34 3
18 35 2
18 36 3
18 37 2
18 38 1
18 39 2
18 40 3
18 41 3
18 42 1
18 43 3
18 44 2
18 45 2
18 46 1
18 47 2
18 48 2
18 49 3
18 50 0
18 51 2
18 52 1
18 53 3
18 54 0
18 55 2
18 56 1
18 57 0
18 58 0
18 59 2
18 60 3
18 61 1
18 62 3
18 63 2
18 64 2
18 65 1
18 66 1
18 67 1
18 68 3
18 69 3
18 70 0
18 71 2
18 72 3
18 73 2
18 74 2
18 75 3
18 76 1
18 77 2
18 78 1
18 79 3
19 0 3
19 1 0
19 2 3
19 3 3
19 4 2
19 5 3
19 6 1
19 7 3
19 8 1
19 9 3
19 10 2
19 11 1
19 12 0
19 13 2
19 14 3
19 15 2
19 16 2
19 17 2
19 18 2
19 19 0
19 20 0
19 21 1
19 22 3
19 23 2
19 24 1
19 25 3
19 26 3
19 27 3
19 28 1
19 29 2
19 30 2
19 31 2
19 32 2
19 33 2
19 34 1
19 35 1
19 36 0
19 37 2
19 38 2
19 39 0
19 40 2
19 41 1
19 42 0
19 43 2
19 44 0
19 45 3
19 46 0
19 47 2
19 48 2
19 49 0
19 50 3
19 51 3
19 52 0
19 53 0
19 54 3
19 55 2
19 56 2
19 57 2
19 58 1
19 59 0
19 60 0
19 61 2
19 62 0
19 63 3
19 64 0
19 65 3
19 66 2
19 67 3
19 68 0
19 69 0
19 70 2
19 71 1
19 72 0
19 73 2
19 74 0
19 75 2
19 76 3
19 77 2
19 78 0
19 79 1
20 0 3
20 1 3
20 2 1
20 3 1
20 4 1
20 5 0
20 6 1
20 7 2
20 8 0
20 9 2
20 10 2
20 11 1
20 12 1
20 13 0
20 14 0
20 15 3
20 16 0
20 17 0
20 18 0
20 19 0
20 20 3
20 21 0
20 22 0
20 23 3
20 24 1
20 25 3
20 26 2
20 27 1
20 28 1
20 29 0
20 30 1
20 31 2
20 32 2
20 33 0
20 34 0
20 35 2
20 36 0
20 37 3
20 38 0
20 39 0
20 40 3
20 41 3
20 42 2
20 43 0
20 44 2
20 45 0
20 46 0
20 47 3
20 48 2
20 49 3
20 50 3
20 51 3
20 52 2
20 53 3
20 54 1
20 55 3
20 56 0
20 57 2
20 58 1
20 59 0
20 60 1
20 61 0
20 62 1
20 63 2
20 64 3
20 65 1
20 66 3
20 67 2
20 68 1
20 69 3
20 70 0
20 71 2
20 72 3
20 73 1
20 74 1
20 75 3
20 76 2
20 77 0
20 78 0
20 79 0
21 0 1
21 1 0
21 2 1
21 3 3
21 4 1
21 5 2
21 6 3
21 7 3
21 8 3
21 9 3
21 10 3
21 11 0
21 12 3
21 13 2
21 14 3
21 15 1
21 16 1
21 17 2
21 18 3
21 19 2
21 20 0
21 21 1
21 22 0
21 23 1
21 24 2
21 25 2
21 26 2
21 27 3
21 28 1
21 29 2
21 30 1
21 31 0
21 32 0
21 33 3
21 34 1
21 35 1
21 36 2
21 37 3
21 38 3
21 39 0
21 40 2
21 41 2
21 42 1
21 43 2
21 44 2
21 45 2
21 46 1
21 47 3
21 48 0
21 49 3
21 50 3
21 51 3
21 52 3
21 53 3
21 54 0
21 55 1
21 56 1
21 57 2
21 58 2
21 59 1
21 60 0
21 61 1
21 62 2
21 63 0
21 64 3
21 65 0
21 66 1
21 67 0
21 68 3
21 69 2
21 70 1
21 71 1
21 72 2
21 73 1
21 74 3
21 75 3
21 76 2
21 77 2
21 78 3
21 79 1
22 0 0
22 1 2
22 2 0
22 3 0
22 4 0
22 5 3
22 6 0
22 7 0
22 8 2
22 9 0
22 10 3
22 11 3
22 12 0
22 13 3
22 14 3
22 15 1
22 16 0
22 17 3
22 18 0
22 19 0
22 20 0
22 21 3
22 22 2
22 23 0
22 24 1
22 25 1
22 26 2
22 27 2
22 28 1
22 29 0
22 30 3
22 31 0
22 32 3
22 33 2
22 34 2
22 35 3
22 36 3
22 37 3
22 38 3
22 39 1
22 40 3
22 41 1
22 42 3
22 43 2
22 44 3
22 45 3
22 46 3
22 47 0
22 48 1
22 49 1
22 50 1
22 51 1
22 52 1
22 53 1
22 54 3
22 55 2
22 56 3
22 57 2
22 58 0
22 59 2
22 60 3
22 61 3
22 62 3
22 63 3
22 64 2
22 65 2
22 66 0
22 67 2
22 68 3
22 69 1
22 70 3
22 71 2
22 72 1
22 73 2
22 74 3
22 75 3
22 76 3
22 77 1
22 78 3
22 79 1
23 0 2
23 1 1
23 2 3
23 3 3
23 4 3
23 5 2
23 6 1
23 7 1
23 8 1
23 9 0
23 10 2
23 11 0
23 12 3
23 13 0
23 14 2
23 15 3
23 16 3
23 17 2
23 18 0
23 19 2
23 20 1
23 21 2
23 22 3
23 23 3
23 24 0
23 25 1
23 26 0
23 27 3
23 28 1
23 29 2
23 30 3
23 31 3
23 32 0
23 33 1
23 34 1
23 35 0
23 36 3
23 37 0
23 38 3
23 39 1
23 40 3
23 41 3
23 42 2
23 43 3
23 44 2
23 45 1
23 46 3
23 47 0
23 48 3
23 49 3
23 50 3
23 51 2
23 52 2
23 53 3
23 54 1
23 55 1
23 56 3
23 57 0
23 58 0
23 59 2
23 60 1
23 61 2
23 62 0
23 63 0
23 64 1
23 65 1
23 66 0
23 67 0
23 68 1
23 69 2
23 70 3
23 71 2
23 72 1
23 73 2
23 74 3
23 75 0
23 76 3
23 77 0
23 78 1
23 79 3
24 0 3
24 1 1
24 2 3
24 3 0
24 4 3
24 5 0
24 6 0
24 7 0
24 8 0
24 9 2
24 10 2
24 11 2
24 12 3
24 13 1
24 14 1
24 15 2
24 16 3
24 17 0
24 18 2
24 19 3
24 20 2
24 21 3
24 22 2
24 23 3
24 24 3
24 25 2
24 26 1
24 27 0
24 28 1
24 29 0
24 30 2
24 31 3
24 32 3
24 33 2
24 34 1
24 35 1
24 36 1
24 37 2
24 38 0
24 39 0
24 40 0
24 41 0
24 42 0
24 43 0
24 44 2
24 45 2
24 46 0
24 47 2
24 48 3
24 49 3
24 50 1
24 51 3
24 52 1
24 53 2
24 54 1
24 55 0
24 56 2
24 57 3
24 58 3
24 59 0
24 60 1
24 61 2
24 62 3
24 63 3
24 64 3
24 65 0
24 66 2
24 67 2
24 68 2
24 69 0
24 70 2
24 71 0
24 72 3
24 73 1
24 74 3
24 75 0
24 76 0
24 77 2
24 78 2
24 79 1
25 0 2
25 1 1
25 2 3
25 3 3
25 4 0
25 5 2
25 6 1
25 7 0
25 8 0
25 9 3
25 10 3
25 11 3
25 12 3
25 13 1
25 14 1
25 15 1
25 16 1
25 17 1
25 18 2
25 19 1
25 20 2
25 21 3
25 22 0
25 23 1
25 24 2
25 25 1
25 26 0
25 27 3
25 28 3
25 29 1
25 30 2
25 31 3
25 32 3
25 33 3
25 34 3
25 35 1
25 36 0
25 37 0
25 38 1
25 39 2
25 40 3
25 41 1
25 42 0
25 43 2
25 44 1
25 45 2
25 46 0
25 47 1
25 48 0
25 49 0
25 50 0
25 51 0
25 52 1
25 53 1
25 54 3
25 55 3
25 56 2
25 57 0
25 58 3
25 59 1
25 60 0
25 61 3
25 62 1
25 63 3
25 64 3
25 65 1
25 66 1
25 67 2
25 68 0
25 69 1
25 70 1
25 71 1
25 72 3
25 73 2
25 74 1
25 75 0
25 76 1
25 77 0
25 78 3
25 79 3
26 0 2
26 1 2
26 2 3
26 3 1
26 4 1
26 5 2
26 6 3
26 7 1
26 8 0
26 9 1
26 10 0
26 11 3
26 12 2
26 13 1
26 14 3
26 15 0
26 16 0
26 17 2
26 18 0
26 19 1
26 20 2
26 21 0
26 22 2
26 23 2
26 24 2
26 25 1
26 26 2
26 27 1
26 28 3
26 29 0
26 30 3
26 31 3
26 32 2
26 33 2
26 34 2
26 35 0
26 36 2
26 37 0
26 38 1
26 39 1
26 40 1
26 41 3
26 42 0
26 43 0
26 44 1
26 45 1
26 46 0
26 47 2
26 48 1
26 49 0
26 50 1
26 51 1
26 52 1
26 53 1
26 54 3
26 55 1
26 56 1
26 57 1
26 58 2
26 59 2
26 60 0
26 61 1
26 62 0
26 63 1
26 64 3
26 65 3
26 66 3
26 67 0
26 68 0
26 69 2
26 70 2
26 71 0
26 72 3
26 73 2
26 74 1
26 75 3
26 76 3
26 77 3
26 78 1
26 79 0
27 0 2
27 1 1
27 2 3
27 3 2
27 4 0
27 5 3
27 6 1
27 7 0
27 8 1
27 9 2
27 10 1
27 11 3
27 12 0
27 13 1
27 14 1
27 15 1
27 16 0
27 17 3
27 18 1
27 19 3
27 20 3
27 21 2
27 22 3
27 23 0
27 24 0
27 25 0
27 26 1
27 27 2
27 28 2
27 29 3
27 30 2
27 31 0
27 32 0
27 33 2
27 34 3
27 35 1
27 36 2
27 37 1
27 38 1
27 39 2
27 40 0
27 41 2
27 42 3
27 43 2
27 44 3
27 45 1
27 46 1
27 47 0
27 48 0
27 49 0
27 50 1
27 51 1
27 52 0
27 53 2
27 54 2
27 55 3
27 56 1
27 57 2
27 58 3
27 59 0
27 60 1
27 61 1
27 62 0
27 63 3
27 64 3
27 65 1
27 66 2
27 67 0
27 68 2
27 69 2
27 70 2
27 71 0
27 72 1
27 73 0
27 74 2
27 75 2
27 76 3
27 77 1
27 78 1
27 79 0
28 0 2
28 1 2
28 2 3
28 3 0
28 4 0
28 5 2
28 6 1
28 7 0
28 8 1
28 9 3
28 10 0
28 11 0
28 12 0
28 13 2
28 14 1
28 15 2
28 16 3
28 17 0
28 18 2
28 19 1
28 20 2
28 21 2
28 22 0
28 23 2
28 24 3
28 25 1
28 26 3
28 27 1
28 28 2
28 29 2
28 30 0
28 31 0
28 32 2
28 33 2
28 34 1
28 35 2
28 36 3
28 37 3
28 38 3
28 39 3
28 40 3
28 41 0
28 42 1
28 43 3
28 44 1
28 45 3
28 46 2
28 47 1
28 48 1
28 49 2
28 50 2
28 51 2
28 52 2
28 53 1
28 54 0
28 55 0
28 56 2
28 57 0
28 58 3
28 59 3
28 60 3
28 61 3
28 62 3
28 63 1
28 64 2
28 65 3
28 66 2
28 67 2
28 68 2
28 69 0
28 70 2
28 71 2
28 72 0
28 73 2
28 74 1
28 75 0
28 76 1
28 77 1
28 78 2
28 79 1
29 0 2
29 1 0
29 2 3
29 3 1
29 4 1
29 5 1
29 6 2
29 7 3
29 8 1
29 9 1
29 10 0
29 11 3
29 12 0
29 13 2
29 14 2
29 15 2
29 16 3
29 17 0
29 18 0
29 19 2
29 20 2
29 21 0
29 22 3
29 23 2
29 24 1
29 25 0
29 26 3
29 27 0
29 28 0
29 29 0
29 30 2
29 31 3
29 32 0
29 33 3
29 34 0
29 35 2
29 36 2
29 37 3
29 38 2
29 39 3
29 40 1
29 41 2
29 42 3
29 43 3
29 44 3
29 45 0
29 46 1
29 47 2
29 48 2
29 49 1
29 50 3
29 51 0
29 52 2
29 53 3
29 54 0
29 55 0
29 56 0
29 57 2
29 58 1
29 59 0
29 60 3
29 61 0
29 62 1
29 63 0
29 64 3
29 65 1
29 66 1
29 67 2
29 68 1
29 69 2
29 70 2
29 71 3
29 72 2
29 73 2
29 74 1
29 75 1
29 76 2
29 77 0
29 78 0
29 79 1
30 0 1
30 1 3
30 2 1
30 3 0
30 4 2
30 5 3
30 6 0
30 7 0
30 8 2
30 9 3
30 10 3
30 11 2
30 12 1
30 13 2
30 14 0
30 15 1
30 16 3
30 17 3
30 18 1
30 19 3
30 20 1
30 21 1
30 22 2
30 23 3
30 24 2
30 25 2
30 26 3
30 27 2
30 28 2
30 29 2
30 30 2
30 31 0
30 32 2
30 33 0
30 34 0
30 35 3
30 36 3
30 37 3
30 38 1
30 39 1
30 40 1
30 41 1
30 42 3
30 43 0
30 44 3
30 45 1
30 46 0
30 47 2
30 48 0
30 49 0
30 50 0
30 51 0
30 52 0
30 53 1
30 54 1
30 55 1
30 56 2
30 57 3
30 58 1
30 59 2
30 60 3
30 61 3
30 62 2
30 63 1
30 64 2
30 65 3
30 66 2
30 67 2
30 68 3
30 69 3
30 70 1
30 71 0
30 72 3
30 73 1
30 74 1
30 75 2
30 76 3
30 77 1
30 78 3
30 79 2
31 0 0
31 1 0
31 2 2
31 3 1
31 4 0
31 5 2
31 6 0
31 7 2
31 8 1
31 9 3
31 10 1
31 11 3
31 12 0
31 13 2
31 14 0
31 15 1
31 16 2
31 17 1
31 18 2
31 19 1
31 20 3
31 21 3
31 22 2
31 23 0
31 24 2
31 25 3
31 26 3
31 27 2
31 28 2
31 29 3
31 30 0
31 31 3
31 32 2
31 33 0
31 34 0
31 35 1
31 36 2
31 37 2
31 38 0
31 39 3
31 40 2
31 41 0
31 42 1
31 43 2
31 44 2
31 45 3
31 46 2
31 47 3
31 48 2
31 49 2
31 50 2
31 51 1
31 52 3
31 53 0
31 54 1
31 55 1
31 56 3
31 57 3
31 58 1
31 59 1
31 60 2
31 61 0
31 62 3
31 63 1
31 64 2
31 65 1
31 66 1
31 67 1
31 68 1
31 69 3
31 70 2
31 71 2
31 72 1
31 73 0
31 74 2
31 75 0
31 76 0
31 77 2
31 78 0
31 79 3
32 0 2
32 1 2
32 2 3
32 3 1
32 4 1
32 5 0
32 6 2
32 7 2
32 8 2
32 9 3
32 10 0
32 11 1
32 12 2
32 13 0
32 14 2
32 15 2
32 16 3
32 17 0
32 18 0
32 19 1
32 20 3
32 21 3
32 22 1
32 23 0
32 24 2
32 25 0
32 26 1
32 27 2
32 28 0
32 29 3
32 30 3
32 31 0
32 32 3
32 33 1
32 34 0
32 35 2
32 36 0
32 37 0
32 38 0
32 39 2
32 40 1
32 41 3
32 42 0
32 43 1
32 44 3
32 45 2
32 46 3
32 47 1
32 48 0
32 49 3
32 50 1
32 51 3
32 52 1
32 53 0
32 54 2
32 55 1
32 56 1
32 57 1
32 58 2
32 59 2
32 60 3
32 61 3
32 62 1
32 63 3
32 64 1
32 65 2
32 66 3
32 67 1
32 68 2
32 69 2
32 70 0
32 71 1
32 72 3
32 73 3
32 74 2
32 75 2
32 76 0
32 77 3
32 78 3
32 79 3
33 0 3
33 1 1
33 2 0
33 3 1
33 4 2
33 5 2
33 6 3
33 7 0
33 8 0
33 9 3
33 10 2
33 11 2
33 12 0
33 13 3
33 14 3
33 15 2
33 16 2
33 17 0
33 18 1
33 19 2
33 20 1
33 21 2
33 22 2
33 23 2
33 24 3
33 25 2
33 26 2
33 27 2
33 28 0
33 29 2
33 30 2
33 31 1
33 32 1
33 33 2
33 34 3
33 35 0
33 36 0
33 37 0
33 38 1
33 39 3
33 40 1
33 41 1
33 42 2
33 43 3
33 44 1
33 45 3
33 46 2
33 47 3
33 48 3
33 49 1
33 50 1
33 51 2
33 52 3
33 53 0
33 54 0
33 55 1
33 56 1
33 57 0
33 58 1
33 59 3
33 60 3
33 61 2
33 62 1
33 63 3
33 64 3
33 65 1
33 66 2
33 67 3
33 68 1
33 69 3
33 70 2
33 71 1
33 72 2
33 73 0
33 74 1
33 75 3
33 76 1
33 77 0
33 78 2
33 79 3
34 0 0
34 1 1
34 2 0
34 3 3
34 4 1
34 5 0
34 6 0
34 7 3
34 8 3
34 9 0
34 10 3
34 11 0
34 12 1
34 13 0
34 14 3
34 15 0
34 16 2
34 17 2
34 18 2
34 19 3
34 20 1
34 21 3
34 22 1
34 23 1
34 24 2
34 25 2
34 26 0
34 27 0
34 28 2
34 29 2
34 30 0
34 31 0
34 32 3
34 33 1
34 34 0
34 35 1
34 36 3
34 37 2
34 38 1
34 39 0
34 40 1
34 41 3
34 42 1
34 43 2
34 44 1
34 45 2
34 46 0
34 47 2
34 48 2
34 49 2
34 50 3
34 51 2
34 52 3
34 53 0
34 54 0
34 55 1
34 56 3
34 57 0
34 58 2
34 59 3
34 60 3
34 61 3
34 62 3
34 63 3
34 64 0
34 65 0
34 66 3
34 67 0
34 68 0
34 69 2
34 70 0
34 71 3
34 72 3
34 73 1
34 74 1
34 75 1
34 76 1
34 77 1
34 78 3
34 79 3
35 0 0
35 1 2
35 2 0
35 3 3
35 4 1
35 5 1
35 6 0
35 7 0
35 8 1
35 9 2
35 10 2
35 11 2
35 12 1
35 13 2
35 14 0
35 15 2
35 16 0
35 17 3
35 18 0
35 19 1
35 20 0
35 21 2
35 22 0
35 23 2
35 24 0
35 25 2
35 26 1
35 27 1
35 28 1
35 29 1
35 30 2
35 31 0
35 32 1
35 33 2
35 34 1
35 35 0
35 36 0
35 37 1
35 38 0
35 39 2
35 40 1
35 41 1
35 42 2
35 43 1
35 44 0
35 45 2
35 46 2
35 47 1
35 48 2
35 49 2
35 50 3
35 51 2
35 52 1
35 53 1
35 54 0
35 55 2
35 56 0
35 57 2
35 58 0
35 59 3
35 60 2
35 61 3
35 62 1
35 63 1
35 64 2
35 65 0
35 66 1
35 67 3
35 68 0
35 69 0
35 70 1
35 71 0
35 72 2
35 73 0
35 74 2
35 75 3
35 76 2
35 77 3
35 78 1
35 79 0
36 0 3
36 1 1
36 2 1
36 3 2
36 4 1
36 5 2
36 6 2
36 7 0
36 8 2
36 9 2
36 10 3
36 11 3
36 12 1
36 13 0
36 14 0
36 15 1
36 16 1
36 17 2
36 18 1
36 19 2
36 20 1
36 21 2
36 22 3
36 23 1
36 24 2
36 25 3
36 26 2
36 27 2
36 28 1
36 29 1
36 30 3
36 31 0
36 32 0
36 33 0
36 34 2
36 35 3
36 36 3
36 37 0
36 38 0
36 39 0
36 40 2
36 41 3
36 42 2
36 43 0
36 44 1
36 45 1
36 46 3
36 47 0
36 48 1
36 49 3
36 50 3
36 51 3
36 52 0
36 53 0
36 54 2
36 55 0
36 56 3
36 57 0
36 58 0
36 59 2
36 60 2
36 61 1
36 62 2
36 63 0
36 64 1
36 65 2
36 66 1
36 67 3
36 68 2
36 69 0
36 70 2
36 71 2
36 72 3
36 73 2
36 74 0
36 75 1
36 76 3
36 77 0
36 78 2
36 79 3
37 0 3
37 1 1
37 2 1
37 3 2
37 4 1
37 5 0
37 6 1
37 7 0
37 8 1
37 9 0
37 10 0
37 11 3
37 12 1
37 13 0
37 14 0
37 15 1
37 16 0
37 17 0
37 18 0
37 19 2
37 20 1
37 21 1
37 22 2
37 23 0
37 24 1
37 25 2
37 26 2
37 27 1
37 28 0
37 29 1
37 30 1
37 31 3
37 32 1
37 33 2
37 34 2
37 35 1
37 36 3
37 37 3
37 38 2
37 39 2
37 40 1
37 41 3
37 42 0
37 43 0
37 44 2
37 45 3
37 46 3
37 47 3
37 48 1
37 49 3
37 50 1
37 51 1
37 52 3
37 53 1
37 54 2
37 55 1
37 56 1
37 57 3
37 58 1
37 59 0
37 60 3
37 61 2
37 62 2
37 63 1
37 64 3
37 65 1
37 66 1
37 67 0
37 68 2
37 69 2
37 70 0
37 71 0
37 72 2
37 73 1
37 74 0
37 75 2
37 76 3
37 77 1
37 78 1
37 79 0
38 0 2
38 1 2
38 2 1
38 3 2
38 4 0
38 5 3
38 6 1
38 7 2
38 8 2
38 9 1
38 10 1
38 11 0
38 12 2
38 13 3
38 14 2
38 15 1
38 16 2
38 17 1
38 18 1
38 19 2
38 20 1
38 21 2
38 22 0
38 23 1
38 24 2
38 25 0
38 26 2
38 27 0
38 28 2
38 29 3
38 30 2
38 31 3
38 32 2
38 33 1
38 34 1
38 35 0
38 36 2
38 37 3
38 38 0
38 39 3
38 40 3
38 41 1
38 42 1
38 43 0
38 44 0
38 45 0
38 46 3
38 47 0
38 48 2
38 49 0
38 50 1
38 51 3
38 52 1
38 53 0
38 54 0
38 55 3
38 56 3
38 57 2
38 58 0
38 59 3
38 60 1
38 61 2
38 62 2
38 63 1
38 64 2
38 65 1
38 66 3
38 67 0
38 68 3
38 69 0
38 70 0
38 71 1
38 72 3
38 73 1
38 74 2
38 75 2
38 76 2
38 77 3
38 78 1
38 79 3
39 0 1
39 1 0
39 2 2
39 3 1
39 4 0
39 5 0
39 6 1
39 7 0
39 8 2
39 9 2
39 10 1
39 11 3
39 12 2
39 13 3
39 14 3
39 15 3
39 16 1
39 17 2
39 18 3
39 19 0
39 20 0
39 21 0
39 22 2
39 23 3
39 24 1
39 25 3
39 26 0
39 27 0
39 28 3
39 29 2
39 30 3
39 31 1
39 32 1
39 33 3
39 34 3
39 35 3
39 36 1
39 37 3
39 38 2
39 39 3
39 40 0
39 41 2
39 42 1
39 43 0
39 44 3
39 45 1
39 46 3
39 47 2
39 48 3
39 49 3
39 50 2
39 51 0
39 52 2
39 53 3
39 54 3
39 55 2
39 56 0
39 57 0
39 58 0
39 59 0
39 60 2
39 61 3
39 62 1
39 63 3
39 64 2
39 65 3
39 66 2
39 67 0
39 68 2
39 69 0
39 70 3
39 71 2
39 72 2
39 73 0
39 74 0
39 75 1
39 76 2
39 77 0
39 78 0
39 79 2
40 0 3
40 1 3
40 2 2
40 3 2
40 4 0
40 5 0
40 6 2
40 7 3
40 8 1
40 9 3
40 10 3
40 11 1
40 12 3
40 13 1
40 14 2
40 15 0
40 16 1
40 17 0
40 18 3
40 19 0
40 20 3
40 21 3
40 22 3
40 23 1
40 24 2
40 25 1
40 26 3
40 27 2
40 28 0
40 29 3
40 30 3
40 31 2
40 32 2
40 33 3
40 34 3
40 35 0
40 36 2
40 37 0
40 38 2
40 39 2
40 40 3
40 41 3
40 42 1
40 43 1
40 44 3
40 45 2
40 46 0
40 47 2
40 48 2
40 49 3
40 50 1
40 51 3
40 52 3
40 53 1
40 54 2
40 55 1
40 56 1
40 57 3
40 58 1
40 59 2
40 60 2
40 61 3
40 62 0
40 63 1
40 64 2
40 65 3
40 66 0
40 67 0
40 68 0
40 69 0
40 70 2
40 71 0
40 72 0
40 73 0
40 74 3
40 75 0
40 76 0
40 77 3
40 78 2
40 79 2
41 0 1
41 1 1
41 2 2
41 3 2
41 4 3
41 5 3
41 6 3
41 7 1
41 8 3
41 9 1
41 10 3
41 11 1
41 12 2
41 13 1
41 14 2
41 15 0
41 16 0
41 17 1
41 18 3
41 19 3
41 20 2
41 21 1
41 22 0
41 23 2
41 24 0
41 25 0
41 26 2
41 27 1
41 28 1
41 29 3
41 30 2
41 31 0
41 32 2
41 33 3
41 34 0
41 35 2
41 36 2
41 37 0
41 38 3
41 39 2
41 40 0
41 41 1
41 42 1
41 43 1
41 44 0
41 45 3
41 46 3
41 47 1
41 48 2
41 49 1
41 50 1
41 51 3
41 52 1
41 53 2
41 54 2
41 55 0
41 56 0
41 57 1
41 58 0
41 59 1
41 60 1
41 61 0
41 62 1
41 63 1
41 64 2
41 65 3
41 66 0
41 67 3
41 68 1
41 69 1
41 70 3
41 71 3
41 72 2
41 73 0
41 74 0
41 75 0
41 76 2
41 77 0
41 78 1
41 79 0
42 0 1
42 1 3
42 2 0
42 3 3
42 4 1
42 5 0
42 6 1
42 7 0
42 8 0
42 9 1
42 10 2
42 11 0
42 12 0
42 13 2
42 14 0
42 15 3
42 16 0
42 17 3
42 18 2
42 19 0
42 20 3
42 21 3
42 22 3
42 23 1
42 24 2
42 25 1
42 26 0
42 27 1
42 28 3
42 29 2
42 30 1
42 31 0
42 32 1
42 33 0
42 34 1
42 35 1
42 36 2
42 37 0
42 38 0
42 39 2
42 40 3
42 41 0
42 42 1
42 43 1
42 44 2
42 45 2
42 46 0
42 47 2
42 48 0
42 49 1
42 50 2
42 51 0
42 52 3
42 53 0
42 54 0
42 55 1
42 56 2
42 57 3
42 58 1
42 59 2
42 60 1
42 61 0
42 62 3
42 63 2
42 64 3
42 65 2
42 66 0
42 67 1
42 68 2
42 69 3
42 70 1
42 71 2
42 72 2
42 73 0
42 74 3
42 75 3
42 76 1
42 77 3
42 78 0
42 79 0
43 0 0
43 1 1
43 2 1
43 3 3
43 4 2
43 5 1
43 6 1
43 7 3
43 8 2
43 9 3
43 10 0
43 11 3
43 12 3
43 13 2
43 14 2
43 15 2
43 16 1
43 17 3
43 18 1
43 19 1
43 20 2
43 21 1
43 22 3
43 23 3
43 24 0
43 25 3
43 26 0
43 27 0
43 28 0
43 29 2
43 30 3
43 31 2
43 32 3
43 33 0
43 34 1
43 35 0
43 36 2
43 37 3
43 38 0
43 39 2
43 40 3
43 41 1
43 42 1
43 43 3
43 44 0
43 45 3
43 46 0
43 47 2
43 48 2
43 49 2
43 50 3
43 51 2
43 52 2
43 53 0
43 54 3
43 55 0
43 56 1
43 57 2
43 58 0
43 59 1
43 60 3
43 61 3
43 62 2
43 63 2
43 64 2
43 65 1
43 66 2
43 67 1
43 68 3
43 69 3
43 70 3
43 71 3
43 72 3
43 73 2
43 74 0
43 75 3
43 76 0
43 77 1
43 78 3
43 79 2
44 0 2
44 1 0
44 2 2
44 3 0
44 4 1
44 5 3
44 6 2
44 7 3
44 8 1
44 9 3
44 10 0
44 11 3
44 12 2
44 13 3
44 14 3
44 15 1
44 16 2
44 17 2
44 18 1
44 19 1
44 20 1
44 21 1
44 22 3
44 23 3
44 24 2
44 25 1
44 26 3
44 27 0
44 28 2
44 29 0
44 30 2
44 31 0
44 32 2
44 33 2
44 34 3
44 35 3
44 36 3
44 37 3
44 38 0
44 39 1
44 40 3
44 41 2
44 42 3
44 43 0
44 44 0
44 45 0
44 46 3
44 47 3
44 48 3
44 49 2
44 50 0
44 51 1
44 52 3
44 53 3
44 54 3
44 55 3
44 56 3
44 57 2
44 58 0
44 59 2
44 60 1
44 61 1
44 62 2
44 63 1
44 64 0
44 65 1
44 66 1
44 67 1
44 68 2
44 69 0
44 70 3
44 71 1
44 72 3
44 73 2
44 74 2
44 75 1
44 76 2
44 77 0
44 78 3
44 79 3
45 0 0
45 1 3
45 2 3
45 3 3
45 4 1
45 5 2
45 6 1
45 7 2
45 8 0
45 9 2
45 10 2
45 11 1
45 12 1
45 13 0
45 14 0
45 15 3
45 16 1
45 17 0
45 18 1
45 19 1
45 20 2
45 21 1
45 22 1
45 23 0
45 24 0
45 25 1
45 26 2
45 27 1
45 28 0
45 29 0
45 30 1
45 31 1
45 32 0
45 33 2
45 34 3
45 35 1
45 36 3
45 37 0
45 38 3
45 39 0
45 40 2
45 41 1
45 42 2
45 43 2
45 44 2
45 45 1
45 46 2
45 47 3
45 48 2
45 49 2
45 50 2
45 51 2
45 52 3
45 53 1
45 54 1
45 55 3
45 56 1
45 57 3
45 58 3
45 59 2
45 60 1
45 61 2
45 62 1
45 63 2
45 64 1
45 65 2
45 66 1
45 67 2
45 68 1
45 69 3
45 70 0
45 71 0
45 72 0
45 73 0
45 74 1
45 75 0
45 76 3
45 77 3
45 78 1
45 79 2
46 0 0
46 1 1
46 2 1
46 3 3
46 4 2
46 5 2
46 6 3
46 7 0
46 8 3
46 9 1
46 10 0
46 11 1
46 12 3
46 13 3
46 14 2
46 15 0
46 16 3
46 17 3
46 18 3
46 19 3
46 20 1
46 21 1
46 22 1
46 23 1
46 24 3
46 25 3
46 26 1
46 27 2
46 28 3
46 29 3
46 30 0
46 31 0
46 32 2
46 33 3
46 34 1
46 35 2
46 36 1
46 37 1
46 38 2
46 39 1
46 40 0
46 41 3
46 42 1
46 43 3
46 44 0
46 45 3
46 46 1
46 47 3
46 48 3
46 49 3
46 50 1
46 51 2
46 52 1
46 53 0
46 54 0
46 55 1
46 56 3
46 57 3
46 58 0
46 59 0
46 60 1
46 61 0
46 62 0
46 63 0
46 64 2
46 65 1
46 66 0
46 67 2
46 68 0
46 69 0
46 70 3
46 71 2
46 72 2
46 73 1
46 74 3
46 75 3
46 76 0
46 77 1
46 78 1
46 79 0
47 0 1
47 1 2
47 2 2
47 3 2
47 4 3
47 5 1
47 6 0
47 7 2
47 8 3
47 9 0
47 10 0
47 11 2
47 12 2
47 13 3
47 14 1
47 15 0
47 16 1
47 17 0
47 18 1
47 19 0
47 20 2
47 21 1
47 22 0
47 23 3
47 24 0
47 25 0
47 26 2
47 27 0
47 28 3
47 29 0
47 30 0
47 31 3
47 32 2
47 33 2
47 34 3
47 35 2
47 36 1
47 37 0
47 38 1
47 39 0
47 40 2
47 41 2
47 42 3
47 43 2
47 44 2
47 45 2
47 46 1
47 47 3
47 48 2
47 49 2
47 50 0
47 51 1
47 52 2
47 53 0
47 54 0
47 55 3
47 56 1
47 57 0
47 58 2
47 59 3
47 60 1
47 61 2
47 62 0
47 63 2
47 64 2
47 65 0
47 66 2
47 67 3
47 68 2
47 69 0
47 70 1
47 71 2
47 72 1
47 73 3
47 74 2
47 75 1
47 76 1
47 77 3
47 78 0
47 79 2
48 0 0
48 1 2
48 2 0
48 3 1
48 4 2
48 5 2
48 6 3
48 7 3
48 8 3
48 9 0
48 10 1
48 11 1
48 12 0
48 13 1
48 14 0
48 15 0
48 16 2
48 17 2
48 18 1
48 19 0
48 20 2
48 21 1
48 22 0
48 23 1
48 24 0
48 25 2
48 26 3
48 27 0
48 28 1
48 29 1
48 30 3
48 31 2
48 32 0
48 33 1
48 34 3
48 35 1
48 36 3
48 37 0
48 38 0
48 39 3
48 40 3
48 41 3
48 42 2
48 43 1
48 44 0
48 45 1
48 46 0
48 47 3
48 48 0
48 49 1
48 50 2
48 51 2
48 52 0
48 53 3
48 54 3
48 55 2
48 56 2
48 57 2
48 58 2
48 59 1
48 60 1
48 61 2
48 62 2
48 63 0
48 64 3
48 65 2
48 66 1
48 67 1
48 68 3
48 69 1
48 70 1
48 71 3
48 72 1
48 73 2
48 74 3
48 75 3
48 76 2
48 77 3
48 78 3
48 79 2
49 0 0
49 1 0
49 2 0
49 3 2
49 4 3
49 5 3
49 6 3
49 7 0
49 8 1
49 9 2
49 10 0
49 11 0
49 12 1
49 13 0
49 14 0
49 15 2
49 16 2
49 17 3
49 18 0
49 19 2
49 20 2
49 21 0
49 22 2
49 23 3
49 24 0
49 25 1
49 26 2
49 27 0
49 28 3
49 29 2
49 30 2
49 31 2
49 32 0
49 33 2
49 34 1
49 35 2
49 36 1
49 37 0
49 38 3
49 39 0
49 40 2
49 41 2
49 42 1
49 43 1
49 44 1
49 45 1
49 46 1
49 47 0
49 48 1
49 49 2
49 50 0
49 51 3
49 52 0
49 53 1
49 54 0
49 55 2
49 56 0
49 57 3
49 58 1
49 59 0
49 60 3
49 61 3
49 62 0
49 63 2
49 64 1
49 65 3
49 66 0
49 67 2
49 68 2
49 69 2
49 70 2
49 71 1
49 72 3
49 73 2
49 74 2
49 75 2
49 76 1
49 77 2
49 78 1
49 79 1
50 0 2
50 1 2
50 2 0
50 3 1
50 4 0
50 5 3
50 6 3
50 7 0
50 8 1
50 9 0
50 10 3
50 11 2
50 12 2
50 13 3
50 14 3
50 15 1
50 16 1
50 17 2
50 18 2
50 19 2
50 20 1
50 21 1
50 22 0
50 23 3
50 24 2
50 25 1
50 26 2
50 27 3
50 28 1
50 29 0
50 30 2
50 31 2
50 32 2
50 33 0
50 34 2
50 35 2
50 36 1
50 37 3
50 38 1
50 39 0
50 40 2
50 41 2
50 42 2
50 43 1
50 44 1
50 45 0
50 46 1
50 47 2
50 48 3
50 49 2
50 50 3
50 51 0
50 52 2
50 53 3
50 54 2
50 55 3
50 56 1
50 57 0
50 58 2
50 59 3
50 60 2
50 61 1
50 62 3
50 63 0
50 64 0
50 65 1
50 66 3
50 67 0
50 68 3
50 69 0
50 70 0
50 71 2
50 72 3
50 73 3
50 74 1
50 75 1
50 76 0
50 77 1
50 78 0
50 79 1
51 0 2
51 1 3
51 2 3
51 3 3
51 4 3
51 5 1
51 6 2
51 7 3
51 8 1
51 9 3
51 10 1
51 11 0
51 12 3
51 13 0
51 14 0
51 15 0
51 16 3
51 17 1
51 18 1
51 19 0
51 20 2
51 21 2
51 22 1
51 23 3
51 24 3
51 25 1
51 26 2
51 27 3
51 28 3
51 29 0
51 30 1
51 31 2
51 32 2
51 33 0
51 34 3
51 35 1
51 36 2
51 37 0
51 38 0
51 39 0
51 40 1
51 41 1
51 42 1
51 43 3
51 44 3
51 45 3
51 46 1
51 47 1
51 48 1
51 49 3
51 50 3
51 51 0
51 52 2
51 53 0
51 54 1
51 55 2
51 56 3
51 57 2
51 58 0
51 59 0
51 60 0
51 61 3
51 62 3
51 63 1
51 64 0
51 65 1
51 66 3
51 67 2
51 68 0
51 69 0
51 70 3
51 71 0
51 72 0
51 73 3
51 74 1
51 75 3
51 76 1
51 77 1
51 78 2
51 79 3
52 0 3
52 1 1
52 2 2
52 3 0
52 4 0
52 5 2
52 6 0
52 7 0
52 8 0
52 9 3
52 10 1
52 11 3
52 12 1
52 13 3
52 14 1
52 15 3
52 16 1
52 17 1
52 18 3
52 19 0
52 20 1
52 21 1
52 22 1
52 23 2
52 24 1
52 25 3
52 26 2
52 27 2
52 28 0
52 29 0
52 30 3
52 31 2
52 32 1
52 33 3
52 34 1
52 35 1
52 36 2
52 37 1
52 38 3
52 39 3
52 40 2
52 41 2
52 42 1
52 43 2
52 44 1
52 45 3
52 46 2
52 47 2
52 48 1
52 49 0
52 50 2
52 51 1
52 52 1
52 53 1
52 54 2
52 55 2
52 56 2
52 57 3
52 58 1
52 59 0
52 60 2
52 61 3
52 62 0
52 63 0
52 64 1
52 65 1
52 66 2
52 67 0
52 68 3
52 69 3
52 70 2
52 71 3
52 72 0
52 73 3
52 74 2
52 75 0
52 76 0
52 77 0
52 78 3
52 79 2
53 0 2
53 1 3
53 2 0
53 3 3
53 4 2
53 5 2
53 6 2
53 7 0
53 8 2
53 9 1
53 10 3
53 11 3
53 12 3
53 13 1
53 14 3
53 15 0
53 16 2
53 17 1
53 18 0
53 19 2
53 20 2
53 21 3
53 22 3
53 23 2
53 24 3
53 25 0
53 26 3
53 27 3
53 28 1
53 29 3
53 30 2
53 31 2
53 32 0
53 33 2
53 34 3
53 35 1
53 36 2
53 37 2
53 38 1
53 39 0
53 40 1
53 41 2
53 42 0
53 43 2
53 44 0
53 45 0
53 46 0
53 47 0
53 48 1
53 49 3
53 50 1
53 51 2
53 52 2
53 53 2
53 54 1
53 55 3
53 56 3
53 57 3
53 58 3
53 59 2
53 60 1
53 61 2
53 62 1
53 63 1
53 64 3
53 65 1
53 66 2
53 67 0
53 68 2
53 69 2
53 70 2
53 71 3
53 72 3
53 73 3
53 74 0
53 75 1
53 76 2
53 77 2
53 78 1
53 79 1
54 0 2
54 1 3
54 2 3
54 3 1
54 4 3
54 5 2
54 6 0
54 7 3
54 8 3
54 9 2
54 10 1
54 11 3
54 12 0
54 13 2
54 14 2
54 15 2
54 16 3
54 17 0
54 18 1
54 19 3
54 20 0
54 21 0
54 22 3
54 23 3
54 24 3
54 25 1
54 26 1
54 27 2
54 28 1
54 29 0
54 30 0
54 31 2
54 32 2
54 33 0
54 34 1
54 35 2
54 36 2
54 37 3
54 38 3
54 39 2
54 40 0
54 41 0
54 42 0
54 43 2
54 44 3
54 45 0
54 46 2
54 47 0
54 48 0
54 49 0
54 50 1
54 51 1
54 52 2
54 53 1
54 54 3
54 55 3
54 56 2
54 57 0
54 58 2
54 59 1
54 60 2
54 61 0
54 62 3
54 63 0
54 64 1
54 65 3
54 66 1
54 67 0
54 68 1
54 69 1
54 70 2
54 71 1
54 72 1
54 73 3
54 74 3
54 75 0
54 76 3
54 77 3
54 78 0
54 79 1
55 0 3
55 1 1
55 2 2
55 3 2
55 4 1
55 5 1
55 6 0
55 7 2
55 8 3
55 9 2
55 10 2
55 11 0
55 12 1
55 13 0
55 14 3
55 15 1
55 16 3
55 17 3
55 18 3
55 19 3
55 20 3
55 21 2
55 22 0
55 23 1
55 24 2
55 25 3
55 26 2
55 27 1
55 28 1
55 29 3
55 30 2
55 31 2
55 32 0
55 33 0
55 34 0
55 35 3
55 36 0
55 37 1
55 38 3
55 39 1
55 40 1
55 41 1
55 42 3
55 43 2
55 44 3
55 45 1
55 46 0
55 47 0
55 48 0
55 49 2
55 50 3
55 51 1
55 52 0
55 53 1
55 54 0
55 55 2
55 56 1
55 57 0
55 58 2
55 59 2
55 60 0
55 61 2
55 62 2
55 63 0
55 64 1
55 65 1
55 66 2
55 67 0
55 68 2
55 69 0
55 70 1
55 71 1
55 72 3
55 73 0
55 74 1
55 75 3
55 76 0
55 77 0
55 78 3
55 79 3
56 0 3
56 1 3
56 2 2
56 3 2
56 4 0
56 5 3
56 6 1
56 7 0
56 8 3
56 9 3
56 10 0
56 11 2
56 12 1
56 13 1
56 14 0
56 15 2
56 16 2
56 17 0
56 18 0
56 19 2
56 20 1
56 21 1
56 22 3
56 23 3
56 24 2
56 25 0
56 26 0
56 27 0
56 28 1
56 29 2
56 30 0
56 31 3
56 32 1
56 33 2
56 34 3
56 35 2
56 36 1
56 37 0
56 38 2
56 39 3
56 40 1
56 41 2
56 42 1
56 43 0
56 44 1
56 45 3
56 46 3
56 47 2
56 48 2
56 49 1
56 50 2
56 51 3
56 52 0
56 53 0
56 54 3
56 55 3
56 56 3
56 57 3
56 58 2
56 59 2
56 60 0
56 61 0
56 62 0
56 63 0
56 64 3
56 65 3
56 66 0
56 67 0
56 68 1
56 69 3
56 70 2
56 71 1
56 72 1
56 73 2
56 74 1
56 75 2
56 76 2
56 77 0
56 78 1
56 79 1
57 0 1
57 1 1
57 2 0
57 3 3
57 4 3
57 5 2
57 6 0
57 7 3
57 8 1
57 9 3
57 10 1
57 11 2
57 12 3
57 13 1
57 14 3
57 15 0
57 16 1
57 17 0
57 18 2
57 19 0
57 20 2
57 21 2
57 22 0
57 23 2
57 24 3
57 25 3
57 26 3
57 27 2
57 28 2
57 29 3
57 30 3
57 31 0
57 32 0
57 33 2
57 34 0
57 35 2
57 36 2
57 37 1
57 38 3
57 39 0
57 40 3
57 41 3
57 42 2
57 43 1
57 44 3
57 45 0
57 46 0
57 47 0
57 48 1
57 49 2
57 50 3
57 51 1
57 52 2
57 53 2
57 54 2
57 55 2
57 56 1
57 57 0
57 58 2
57 59 3
57 60 3
57 61 1
57 62 1
57 63 3
57 64 3
57 65 1
57 66 2
57 67 0
57 68 1
57 69 3
57 70 2
57 71 1
57 72 1
57 73 0
57 74 1
57 75 2
57 76 0
57 77 3
57 78 0
57 79 0
58 0 1
58 1 1
58 2 3
58 3 2
58 4 2
58 5 3
58 6 1
58 7 0
58 8 1
58 9 3
58 10 0
58 11 2
58 12 0
58 13 3
58 14 3
58 15 3
58 16 1
58 17 2
58 18 0
58 19 2
58 20 2
58 21 1
58 22 2
58 23 2
58 24 2
58 25 2
58 26 1
58 27 2
58 28 0
58 29 2
58 30 0
58 31 1
58 32 2
58 33 2
58 34 2
58 35 0
58 36 1
58 37 0
58 38 2
58 39 2
58 40 2
58 41 3
58 42 3
58 43 3
58 44 2
58 45 3
58 46 1
58 47 0
58 48 2
58 49 0
58 50 2
58 51 1
58 52 2
58 53 1
58 54 2
58 55 1
58 56 2
58 57 0
58 58 2
58 59 1
58 60 0
58 61 1
58 62 3
58 63 2
58 64 3
58 65 0
58 66 2
58 67 1
58 68 1
58 69 0
58 70 2
58 71 3
58 72 0
58 73 1
58 74 1
58 75 0
58 76 2
58 77 2
58 78 1
58 79 1
59 0 2
59 1 2
59 2 0
59 3 0
59 4 1
59 5 0
59 6 2
59 7 1
59 8 3
59 9 2
59 10 3
59 11 0
59 12 1
59 13 2
59 14 0
59 15 0
59 16 2
59 17 2
59 18 3
59 19 1
59 20 3
59 21 1
59 22 1
59 23 0
59 24 0
59 25 1
59 26 1
59 27 1
59 28 3
59 29 3
59 30 3
59 31 2
59 32 1
59 33 3
59 34 0
59 35 0
59 36 0
59 37 0
59 38 3
59 39 2
59 40 0
59 41 1
59 42 3
59 43 1
59 44 0
59 45 2
59 46 1
59 47 3
59 48 2
59 49 0
59 50 3
59 51 1
59 52 3
59 53 3
59 54 0
59 55 2
59 56 2
59 57 1
59 58 1
59 59 3
59 60 0
59 61 2
59 62 0
59 63 3
59 64 0
59 65 3
59 66 0
59 67 1
59 68 1
59 69 2
59 70 0
59 71 2
59 72 3
59 73 3
59 74 0
59 75 3
59 76 3
59 77 3
59 78 3
59 79 1
60 0 0
60 1 3
60 2 2
60 3 2
60 4 2
60 5 2
60 6 2
60 7 0
60 8 1
60 9 0
60 10 1
60 11 3
60 12 3
60 13 2
60 14 1
60 15 1
60 16 1
60 17 0
60 18 3
60 19 2
60 20 2
60 21 1
60 22 0
60 23 3
60 24 3
60 25 2
60 26 2
60 27 0
60 28 3
60 29 0
60 30 2
60 31 3
60 32 2
60 33 0
60 34 0
60 35 1
60 36 0
60 37 0
60 38 2
60 39 3
60 40 0
60 41 1
60 42 3
60 43 0
60 44 0
60 45 2
60 46 1
60 47 3
60 48 0
60 49 1
60 50 0
60 51 2
60 52 3
60 53 2
60 54 2
60 55 1
60 56 2
60 57 1
60 58 2
60 59 3
60 60 2
60 61 2
60 62 0
60 63 3
60 64 1
60 65 0
60 66 0
60 67 0
60 68 0
60 69 1
60 70 3
60 71 3
60 72 2
60 73 3
60 74 2
60 75 3
60 76 1
60 77 2
60 78 3
60 79 0
61 0 0
61 1 2
61 2 1
61 3 2
61 4 3
61 5 0
61 6 1
61 7 2
61 8 1
61 9 3
61 10 0
61 11 3
61 12 2
61 13 3
61 14 1
61 15 3
61 16 0
61 17 3
61 18 2
61 19 2
61 20 3
61 21 1
61 22 1
61 23 1
61 24 0
61 25 0
61 26 3
61 27 1
61 28 1
61 29 1
61 30 0
61 31 1
61 32 1
61 33 1
61 34 1
61 35 2
61 36 3
61 37 1
61 38 1
61 39 0
61 40 2
61 41 1
61 42 1
61 43 1
61 44 0
61 45 1
61 46 1
61 47 0
61 48 3
61 49 2
61 50 1
61 51 2
61 52 0
61 53 2
61 54 2
61 55 0
61 56 2
61 57 2
61 58 0
61 59 0
61 60 0
61 61 2
61 62 0
61 63 2
61 64 2
61 65 1
61 66 0
61 67 3
61 68 1
61 69 2
61 70 0
61 71 0
61 72 2
61 73 0
61 74 0
61 75 2
61 76 3
61 77 3
61 78 0
61 79 2
62 0 1
62 1 0
62 2 3
62 3 3
62 4 1
62 5 0
62 6 1
62 7 3
62 8 1
62 9 0
62 10 0
62 11 3
62 12 0
62 13 1
62 14 3
62 15 2
62 16 3
62 17 0
62 18 0
62 19 2
62 20 2
62 21 0
62 22 3
62 23 0
62 24 1
62 25 3
62 26 0
62 27 2
62 28 0
62 29 2
62 30 2
62 31 3
62 32 2
62 33 3
62 34 0
62 35 2
62 36 1
62 37 0
62 38 3
62 39 2
62 40 1
62 41 2
62 42 1
62 43 2
62 44 3
62 45 2
62 46 2
62 47 3
62 48 0
62 49 0
62 50 2
62 51 0
62 52 0
62 53 0
62 54 2
62 55 0
62 56 0
62 57 2
62 58 2
62 59 3
62 60 0
62 61 1
62 62 1
62 63 2
62 64 2
62 65 2
62 66 2
62 67 0
62 68 1
62 69 3
62 70 3
62 71 1
62 72 1
62 73 3
62 74 2
62 75 1
62 76 0
62 77 1
62 78 2
62 79 1
63 0 0
63 1 2
63 2 3
63 3 3
63 4 1
63 5 2
63 6 1
63 7 1
63 8 2
63 9 1
63 10 3
63 11 2
63 12 2
63 13 3
63 14 1
63 15 2
63 16 2
63 17 3
63 18 3
63 19 3
63 20 3
63 21 3
63 22 3
63 23 2
63 24 1
63 25 0
63 26 2
63 27 1
63 28 1
63 29 1
63 30 1
63 31 3
63 32 0
63 33 3
63 34 3
63 35 3
63 36 2
63 37 2
63 38 1
63 39 0
63 40 2
63 41 0
63 42 0
63 43 2
63 44 2
63 45 3
63 46 3
63 47 0
63 48 3
63 49 3
63 50 1
63 51 1
63 52 0
63 53 2
63 54 2
63 55 0
63 56 1
63 57 2
63 58 1
63 59 1
63 60 1
63 61 3
63 62 3
63 63 1
63 64 0
63 65 1
63 66 1
63 67 2
63 68 1
63 69 0
63 70 3
63 71 0
63 72 2
63 73 1
63 74 3
63 75 0
63 76 1
63 77 0
63 78 2
63 79 0
64 0 3
64 1 0
64 2 3
64 3 2
64 4 1
64 5 1
64 6 2
64 7 1
64 8 2
64 9 0
64 10 3
64 11 1
64 12 3
64 13 3
64 14 3
64 15 3
64 16 0
64 17 3
64 18 1
64 19 0
64 20 2
64 21 1
64 22 2
64 23 1
64 24 0
64 25 2
64 26 3
64 27 0
64 28 3
64 29 3
64 30 2
64 31 0
64 32 1
64 33 3
64 34 1
64 35 1
64 36 2
64 37 3
64 38 1
64 39 2
64 40 2
64 41 3
64 42 0
64 43 3
64 44 2
64 45 0
64 46 0
64 47 0
64 48 2
64 49 1
64 50 2
64 51 0
64 52 2
64 53 0
64 54 0
64 55 2
64 56 1
64 57 0
64 58 1
64 59 1
64 60 2
64 61 3
64 62 1
64 63 0
64 64 1
64 65 1
64 66 3
64 67 3
64 68 2
64 69 2
64 70 3
64 71 1
64 72 3
64 73 0
64 74 0
64 75 0
64 76 3
64 77 3
64 78 0
64 79 3
65 0 0
65 1 2
65 2 2
65 3 0
65 4 1
65 5 3
65 6 0
65 7 2
65 8 3
65 9 3
65 10 1
65 11 3
65 12 2
65 13 0
65 14 2
65 15 1
65 16 2
65 17 0
65 18 2
65 19 2
65 20 0
65 21 2
65 22 0
65 23 1
65 24 1
65 25 2
65 26 2
65 27 2
65 28 3
65 29 3
65 30 3
65 31 3
65 32 0
65 33 0
65 34 0
65 35 1
65 36 1
65 37 0
65 38 3
65 39 3
65 40 1
65 41 3
65 42 2
65 43 1
65 44 2
65 45 1
65 46 0
65 47 3
65 48 3
65 49 3
65 50 0
65 51 2
65 52 1
65 53 3
65 54 1
65 55 1
65 56 1
65 57 0
65 58 1
65 59 2
65 60 2
65 61 2
65 62 2
65 63 3
65 64 0
65 65 2
65 66 0
65 67 0
65 68 2
65 69 0
65 70 0
65 71 3
65 72 0
65 73 0
65 74 0
65 75 1
65 76 2
65 77 3
65 78 0
65 79 0
66 0 1
66 1 2
66 2 3
66 3 3
66 4 0
66 5 2
66 6 0
66 7 1
66 8 2
66 9 2
66 10 3
66 11 2
66 12 2
66 13 1
66 14 2
66 15 3
66 16 3
66 17 1
66 18 2
66 19 0
66 20 1
66 21 3
66 22 1
66 23 1
66 24 1
66 25 0
66 26 1
66 27 2
66 28 0
66 29 1
66 30 2
66 31 0
66 32 3
66 33 0
66 34 1
66 35 2
66 36 2
66 37 2
66 38 2
66 39 1
66 40 1
66 41 2
66 42 3
66 43 0
66 44 3
66 45 2
66 46 3
66 47 3
66 48 1
66 49 0
66 50 1
66 51 1
66 52 3
66 53 2
66 54 0
66 55 0
66 56 3
66 57 1
66 58 0
66 59 1
66 60 1
66 61 0
66 62 0
66 63 3
66 64 0
66 65 3
66 66 0
66 67 1
66 68 2
66 69 2
66 70 2
66 71 2
66 72 1
66 73 3
66 74 2
66 75 3
66 76 0
66 77 2
66 78 2
66 79 1
67 0 0
67 1 1
67 2 2
67 3 1
67 4 1
67 5 3
67 6 0
67 7 1
67 8 2
67 9 3
67 10 3
67 11 3
67 12 2
67 13 0
67 14 3
67 15 1
67 16 0
67 17 2
67 18 2
67 19 3
67 20 3
67 21 1
67 22 3
67 23 2
67 24 0
67 25 0
67 26 1
67 27 3
67 28 1
67 29 2
67 30 1
67 31 2
67 32 3
67 33 0
67 34 0
67 35 2
67 36 1
67 37 0
67 38 3
67 39 3
67 40 1
67 41 2
67 42 0
67 43 2
67 44 1
67 45 0
67 46 3
67 47 1
67 48 2
67 49 0
67 50 0
67 51 2
67 52 3
67 53 1
67 54 0
67 55 1
67 56 1
67 57 0
67 58 3
67 59 1
67 60 3
67 61 2
67 62 0
67 63 3
67 64 3
67 65 2
67 66 3
67 67 2
67 68 1
67 69 1
67 70 1
67 71 3
67 72 3
67 73 3
67 74 0
67 75 2
67 76 0
67 77 0
67 78 2
67 79 1
68 0 3
68 1 1
68 2 3
68 3 3
68 4 2
68 5 2
68 6 1
68 7 3
68 8 1
68 9 3
68 10 1
68 11 0
68 12 2
68 13 2
68 14 0
68 15 1
68 16 1
68 17 3
68 18 3
68 19 2
68 20 2
68 21 3
68 22 1
68 23 2
68 24 3
68 25 0
68 26 0
68 27 2
68 28 1
68 29 1
68 30 0
68 31 3
68 32 2
68 33 2
68 34 2
68 35 3
68 36 2
68 37 0
68 38 3
68 39 3
68 40 0
68 41 0
68 42 1
68 43 3
68 44 1
68 45 3
68 46 3
68 47 3
68 48 0
68 49 1
68 50 3
68 51 3
68 52 1
68 53 1
68 54 3
68 55 2
68 56 1
68 57 0
68 58 0
68 59 1
68 60 2
68 61 2
68 62 3
68 63 2
68 64 1
68 65 3
68 66 0
68 67 0
68 68 3
68 69 2
68 70 3
68 71 3
68 72 3
68 73 3
68 74 0
68 75 0
68 76 0
68 77 2
68 78 1
68 79 2
69 0 0
69 1 0
69 2 1
69 3 0
69 4 1
69 5 0
69 6 0
69 7 3
69 8 1
69 9 1
69 10 2
69 11 1
69 12 3
69 13 0
69 14 2
69 15 3
69 16 2
69 17 3
69 18 2
69 19 0
69 20 0
69 21 1
69 22 3
69 23 2
69 24 3
69 25 0
69 26 2
69 27 2
69 28 0
69 29 0
69 30 3
69 31 3
69 32 0
69 33 1
69 34 3
69 35 3
69 36 0
69 37 0
69 38 3
69 39 3
69 40 0
69 41 0
69 42 3
69 43 1
69 44 1
69 45 1
69 46 1
69 47 3
69 48 1
69 49 1
69 50 1
69 51 3
69 52 1
69 53 0
69 54 1
69 55 1
69 56 3
69 57 2
69 58 0
69 59 0
69 60 0
69 61 3
69 62 1
69 63 2
69 64 3
69 65 1
69 66 3
69 67 3
69 68 0
69 69 2
69 70 2
69 71 3
69 72 0
69 73 2
69 74 1
69 75 2
69 76 3
69 77 1
69 78 1
69 79 2
70 0 3
70 1 2
70 2 1
70 3 2
70 4 3
70 5 3
70 6 3
70 7 0
70 8 1
70 9 3
70 10 2
70 11 2
70 12 2
70 13 1
70 14 0
70 15 2
70 16 1
70 17 0
70 18 1
70 19 3
70 20 1
70 21 2
70 22 2
70 23 1
70 24 1
70 25 2
70 26 1
70 27 1
70 28 2
70 29 2
70 30 3
70 31 3
70 32 1
70 33 0
70 34 2
70 35 1
70 36 3
70 37 2
70 38 1
70 39 1
70 40 0
70 41 2
70 42 3
70 43 3
70 44 3
70 45 0
70 46 3
70 47 1
70 48 3
70 49 3
70 50 3
70 51 3
70 52 0
70 53 3
70 54 1
70 55 1
70 56 2
70 57 3
70 58 0
70 59 2
70 60 0
70 61 2
70 62 2
70 63 3
70 64 1
70 65 0
70 66 1
70 67 2
70 68 2
70 69 3
70 70 0
70 71 0
70 72 3
70 73 0
70 74 2
70 75 2
70 76 3
70 77 0
70 78 2
70 79 0
71 0 2
71 1 1
71 2 2
71 3 0
71 4 2
71 5 2
71 6 0
71 7 1
71 8 0
71 9 3
71 10 2
71 11 3
71 12 3
71 13 3
71 14 3
71 15 1
71 16 1
71 17 1
71 18 1
71 19 1
71 20 2
71 21 2
71 22 3
71 23 3
71 24 1
71 25 1
71 26 2
71 27 1
71 28 3
71 29 0
71 30 1
71 31 3
71 32 3
71 33 2
71 34 3
71 35 0
71 36 0
71 37 0
71 38 1
71 39 2
71 40 2
71 41 3
71 42 3
71 43 0
71 44 2
71 45 1
71 46 0
71 47 0
71 48 1
71 49 2
71 50 2
71 51 3
71 52 2
71 53 3
71 54 1
71 55 2
71 56 0
71 57 3
71 58 2
71 59 0
71 60 2
71 61 1
71 62 3
71 63 1
71 64 3
71 65 2
71 66 1
71 67 3
71 68 0
71 69 2
71 70 3
71 71 1
71 72 0
71 73 2
71 74 3
71 75 3
71 76 3
71 77 1
71 78 0
71 79 3
72 0 2
72 1 0
72 2 3
72 3 3
72 4 3
72 5 3
72 6 1
72 7 0
72 8 0
72 9 3
72 10 3
72 11 1
72 12 1
72 13 3
72 14 0
72 15 1
72 16 1
72 17 3
72 18 1
72 19 0
72 20 3
72 21 3
72 22 1
72 23 0
72 24 0
72 25 0
72 26 2
72 27 2
72 28 0
72 29 3
72 30 1
72 31 0
72 32 2
72 33 3
72 34 3
72 35 1
72 36 2
72 37 2
72 38 2
72 39 1
72 40 0
72 41 0
72 42 1
72 43 2
72 44 3
72 45 1
72 46 3
72 47 2
72 48 1
72 49 0
72 50 2
72 51 1
72 52 1
72 53 2
72 54 0
72 55 3
72 56 3
72 57 1
72 58 1
72 59 3
72 60 0
72 61 2
72 62 3
72 63 3
72 64 2
72 65 1
72 66 3
72 67 2
72 68 2
72 69 0
72 70 3
72 71 0
72 72 2
72 73 2
72 74 3
72 75 0
72 76 0
72 77 0
72 78 1
72 79 0
73 0 2
73 1 3
73 2 0
73 3 2
73 4 1
73 5 2
73 6 3
73 7 0
73 8 0
73 9 3
73 10 2
73 11 0
73 12 0
73 13 0
73 14 2
73 15 0
73 16 2
73 17 2
73 18 2
73 19 3
73 20 2
73 21 1
73 22 0
73 23 1
73 24 3
73 25 2
73 26 0
73 27 1
73 28 0
73 29 3
73 30 2
73 31 3
73 32 2
73 33 3
73 34 3
73 35 1
73 36 1
73 37 1
73 38 1
73 39 2
73 40 1
73 41 2
73 42 0
73 43 3
73 44 1
73 45 3
73 46 0
73 47 1
73 48 3
73 49 3
73 50 3
73 51 0
73 52 3
73 53 3
73 54 1
73 55 3
73 56 1
73 57 2
73 58 0
73 59 2
73 60 3
73 61 1
73 62 2
73 63 2
73 64 2
73 65 2
73 66 0
73 67 0
73 68 3
73 69 0
73 70 0
73 71 3
73 72 2
73 73 3
73 74 0
73 75 1
73 76 1
73 77 2
73 78 3
73 79 0
74 0 3
74 1 3
74 2 2
74 3 0
74 4 0
74 5 2
74 6 1
74 7 2
74 8 3
74 9 2
74 10 1
74 11 2
74 12 2
74 13 0
74 14 3
74 15 3
74 16 0
74 17 1
74 18 0
74 19 0
74 20 2
74 21 0
74 22 2
74 23 3
74 24 3
74 25 2
74 26 2
74 27 2
74 28 3
74 29 3
74 30 0
74 31 3
74 32 2
74 33 3
74 34 1
74 35 3
74 36 0
74 37 2
74 38 2
74 39 2
74 40 0
74 41 1
74 42 1
74 43 3
74 44 1
74 45 0
74 46 1
74 47 3
74 48 3
74 49 1
74 50 3
74 51 0
74 52 2
74 53 3
74 54 2
74 55 0
74 56 3
74 57 3
74 58 2
74 59 1
74 60 1
74 61 3
74 62 3
74 63 3
74 64 3
74 65 1
74 66 3
74 67 3
74 68 0
74 69 3
74 70 2
74 71 3
74 72 2
74 73 1
74 74 3
74 75 3
74 76 0
74 77 3
74 78 3
74 79 0
75 0 2
75 1 2
75 2 3
75 3 2
75 4 0
75 5 3
75 6 0
75 7 3
75 8 1
75 9 2
75 10 0
75 11 3
75 12 3
75 13 2
75 14 0
75 15 1
75 16 2
75 17 3
75 18 0
75 19 1
75 20 3
75 21 2
75 22 3
75 23 0
75 24 3
75 25 1
75 26 1
75 27 1
75 28 2
75 29 1
75 30 1
75 31 1
75 32 3
75 33 0
75 34 2
75 35 0
75 36 3
75 37 1
75 38 0
75 39 3
75 40 1
75 41 0
75 42 2
75 43 1
75 44 2
75 45 1
75 46 1
75 47 2
75 48 1
75 49 1
75 50 0
75 51 2
75 52 1
75 53 2
75 54 2
75 55 2
75 56 1
75 57 2
75 58 1
75 59 0
75 60 3
75 61 0
75 62 2
75 63 1
75 64 0
75 65 1
75 66 3
75 67 0
75 68 2
75 69 3
75 70 0
75 71 0
75 72 1
75 73 0
75 74 3
75 75 3
75 76 1
75 77 2
75 78 0
75 79 2
76 0 2
76 1 0
76 2 0
76 3 0
76 4 2
76 5 2
76 6 1
76 7 0
76 8 0
76 9 3
76 10 0
76 11 1
76 12 0
76 13 1
76 14 3
76 15 3
76 16 2
76 17 3
76 18 1
76 19 3
76 20 2
76 21 0
76 22 2
76 23 3
76 24 0
76 25 1
76 26 0
76 27 3
76 28 0
76 29 0
76 30 3
76 31 0
76 32 2
76 33 3
76 34 1
76 35 3
76 36 3
76 37 3
76 38 0
76 39 2
76 40 3
76 41 2
76 42 3
76 43 0
76 44 3
76 45 1
76 46 1
76 47 3
76 48 3
76 49 1
76 50 0
76 51 3
76 52 2
76 53 0
76 54 0
76 55 3
76 56 0
76 57 2
76 58 3
76 59 2
76 60 1
76 61 0
76 62 1
76 63 0
76 64 2
76 65 1
76 66 1
76 67 2
76 68 0
76 69 1
76 70 2
76 71 3
76 72 1
76 73 3
76 74 0
76 75 1
76 76 2
76 77 2
76 78 2
76 79 0
77 0 3
77 1 0
77 2 2
77 3 1
77 4 1
77 5 3
77 6 3
77 7 3
77 8 3
77 9 1
77 10 0
77 11 2
77 12 1
77 13 1
77 14 3
77 15 0
77 16 1
77 17 0
77 18 3
77 19 2
77 20 2
77 21 2
77 22 3
77 23 3
77 24 0
77 25 3
77 26 0
77 27 1
77 28 1
77 29 1
77 30 2
77 31 1
77 32 1
77 33 1
77 34 0
77 35 2
77 36 3
77 37 3
77 38 0
77 39 3
77 40 1
77 41 1
77 42 3
77 43 1
77 44 2
77 45 3
77 46 0
77 47 2
77 48 3
77 49 1
77 50 0
77 51 0
77 52 1
77 53 1
77 54 2
77 55 1
77 56 3
77 57 0
77 58 2
77 59 0
77 60 0
77 61 2
77 62 3
77 63 2
77 64 0
77 65 2
77 66 2
77 67 2
77 68 0
77 69 3
77 70 3
77 71 3
77 72 2
77 73 2
77 74 1
77 75 2
77 76 3
77 77 0
77 78 2
77 79 0
78 0 1
78 1 1
78 2 2
78 3 1
78 4 1
78 5 2
78 6 0
78 7 0
78 8 2
78 9 2
78 10 0
78 11 1
78 12 0
78 13 0
78 14 0
78 15 3
78 16 1
78 17 1
78 18 0
78 19 1
78 20 1
78 21 3
78 22 2
78 23 2
78 24 2
78 25 2
78 26 3
78 27 2
78 28 1
78 29 1
78 30 1
78 31 1
78 32 1
78 33 0
78 34 1
78 35 0
78 36 2
78 37 3
78 38 0
78 39 0
78 40 2
78 41 3
78 42 2
78 43 0
78 44 0
78 45 3
78 46 1
78 47 0
78 48 3
78 49 3
78 50 0
78 51 1
78 52 1
78 53 2
78 54 3
78 55 0
78 56 3
78 57 1
78 58 3
78 59 2
78 60 2
78 61 2
78 62 0
78 63 0
78 64 3
78 65 1
78 66 1
78 67 2
78 68 0
78 69 2
78 70 3
78 71 2
78 72 3
78 73 0
78 74 1
78 75 2
78 76 3
78 77 2
78 78 1
78 79 3
79 0 1
79 1 2
79 2 0
79 3 0
79 4 0
79 5 1
79 6 0
79 7 1
79 8 2
79 9 3
79 10 3
79 11 1
79 12 1
79 13 3
79 14 2
79 15 1
79 16 2
79 17 1
79 18 2
79 19 2
79 20 1
79 21 2
79 22 0
79 23 2
79 24 3
79 25 0
79 26 2
79 27 0
79 28 1
79 29 0
79 30 2
79 31 3
79 32 0
79 33 3
79 34 0
79 35 3
79 36 1
79 37 1
79 38 0
79 39 2
79 40 1
79 41 1
79 42 3
79 43 3
79 44 3
79 45 0
79 46 0
79 47 1
79 48 3
79 49 1
79 50 2
79 51 0
79 52 3
79 53 1
79 54 3
79 55 0
79 56 3
79 57 2
79 58 0
79 59 1
79 60 3
79 61 3
79 62 1
79 63 3
79 64 1
79 65 1
79 66 1
79 67 3
79 68 2
79 69 0
79 70 0
79 71 2
79 72 0
79 73 0
79 74 3
79 75 1
79 76 3
79 77 2
79 78 2
79 79 2
0
1
0
1
2
1
1
1
1
0
3
0
2
3
2
1
2
2
2
2
0
2
0
1
0
2
0
1
2
0
3
2
1
1
0
0
2
0
1
0
0
0
3
2
0
0
0
3
0
2
1
3
2
1
1
1
3
3
0
1
3
2
1
2
3
3
3
1
3
3
2
1
0
0
3
2
2
3
0
0