100
0 0 5
0 1 4
0 2 7
0 3 19
0 4 12
0 5 7
0 6 11
0 7 16
0 8 14
0 9 9
0 10 17
0 11 17
0 12 11
0 13 2
0 14 11
0 15 17
0 16 5
0 17 19
0 18 9
0 19 3
0 20 8
0 21 11
0 22 19
0 23 10
0 24 1
0 25 5
0 26 10
0 27 4
0 28 15
0 29 17
0 30 16
0 31 12
0 32 14
0 33 2
0 34 19
0 35 20
0 36 20
0 37 0
0 38 17
0 39 2
0 40 7
0 41 11
0 42 14
0 43 1
0 44 16
0 45 15
0 46 18
0 47 6
0 48 2
0 49 19
0 50 4
0 51 16
0 52 9
0 53 12
0 54 10
0 55 14
0 56 20
0 57 13
0 58 1
0 59 14
0 60 7
0 61 12
0 62 8
0 63 6
0 64 18
0 65 5
0 66 9
0 67 6
0 68 9
0 69 6
0 70 1
0 71 8
0 72 13
0 73 8
0 74 13
0 75 19
0 76 19
0 77 1
0 78 12
0 79 8
0 80 15
0 81 9
0 82 20
0 83 18
0 84 3
0 85 12
0 86 20
0 87 0
0 88 18
0 89 15
0 90 15
0 91 15
0 92 11
0 93 16
0 94 8
0 95 0
0 96 13
0 97 10
0 98 15
0 99 1
1 0 5
1 1 11
1 2 1
1 3 15
1 4 1
1 5 17
1 6 1
1 7 12
1 8 1
1 9 7
1 10 5
1 11 18
1 12 2
1 13 19
1 14 4
1 15 15
1 16 13
1 17 5
1 18 6
1 19 17
1 20 14
1 21 9
1 22 1
1 23 4
1 24 14
1 25 17
1 26 2
1 27 17
1 28 15
1 29 14
1 30 18
1 31 20
1 32 8
1 33 15
1 34 14
1 35 13
1 36 5
1 37 3
1 38 17
1 39 0
1 40 14
1 41 12
1 42 1
1 43 7
1 44 6
1 45 10
1 46 4
1 47 4
1 48 16
1 49 20
1 50 9
1 51 15
1 52 3
1 53 13
1 54 9
1 55 5
1 56 13
1 57 10
1 58 18
1 59 0
1 60 9
1 61 0
1 62 5
1 63 11
1 64 17
1 65 13
1 66 12
1 67 17
1 68 6
1 69 20
1 70 6
1 71 14
1 72 13
1 73 14
1 74 3
1 75 17
1 76 17
1 77 7
1 78 4
1 79 5
1 80 8
1 81 18
1 82 13
1 83 9
1 84 16
1 85 6
1 86 20
1 87 13
1 88 2
1 89 5
1 90 9
1 91 15
1 92 2
1 93 11
1 94 7
1 95 1
1 96 16
1 97 7
1 98 20
1 99 8
2 0 12
2 1 16
2 2 18
2 3 18
2 4 12
2 5 20
2 6 16
2 7 15
2 8 4
2 9 2
2 10 9
2 11 1
2 12 10
2 13 8
2 14 18
2 15 1
2 16 13
2 17 16
2 18 11
2 19 5
2 20 18
2 21 8
2 22 3
2 23 17
2 24 11
2 25 14
2 26 19
2 27 8
2 28 9
2 29 14
2 30 8
2 31 20
2 32 8
2 33 8
2 34 10
2 35 19
2 36 16
2 37 12
2 38 5
2 39 2
2 40 8
2 41 10
2 42 13
2 43 15
2 44 11
2 45 14
2 46 5
2 47 1
2 48 10
2 49 3
2 50 1
2 51 6
2 52 13
2 53 12
2 54 20
2 55 12
2 56 11
2 57 2
2 58 18
2 59 5
2 60 8
2 61 11
2 62 11
2 63 9
2 64 18
2 65 0
2 66 6
2 67 16
2 68 15
2 69 10
2 70 14
2 71 12
2 72 1
2 73 10
2 74 15
2 75 11
2 76 11
2 77 16
2 78 4
2 79 9
2 80 18
2 81 15
2 82 13
2 83 9
2 84 8
2 85 13
2 86 13
2 87 14
2 88 4
2 89 2
2 90 2
2 91 5
2 92 13
2 93 8
2 94 18
2 95 6
2 96 5
2 97 13
2 98 3
2 99 4
3 0 18
3 1 14
3 2 15
3 3 6
3 4 19
3 5 13
3 6 8
3 7 1
3 8 7
3 9 8
3 10 6
3 11 5
3 12 7
3 13 13
3 14 6
3 15 19
3 16 6
3 17 12
3 18 7
3 19 11
3 20 15
3 21 4
3 22 20
3 23 4
3 24 10
3 25 16
3 26 13
3 27 17
3 28 4
3 29 17
3 30 18
3 31 12
3 32 20
3 33 9
3 34 11
3 35 19
3 36 3
3 37 6
3 38 16
3 39 13
3 40 14
3 41 5
3 42 14
3 43 0
3 44 1
3 45 19
3 46 16
3 47 13
3 48 19
3 49 7
3 50 19
3 51 3
3 52 18
3 53 15
3 54 15
3 55 11
3 56 11
3 57 2
3 58 14
3 59 18
3 60 11
3 61 12
3 62 14
3 63 14
3 64 12
3 65 17
3 66 10
3 67 7
3 68 16
3 69 3
3 70 20
3 71 11
3 72 13
3 73 13
3 74 19
3 75 16
3 76 7
3 77 20
3 78 12
3 79 20
3 80 16
3 81 5
3 82 3
3 83 14
3 84 18
3 85 17
3 86 5
3 87 18
3 88 3
3 89 14
3 90 12
3 91 17
3 92 1
3 93 4
3 94 11
3 95 6
3 96 10
3 97 11
3 98 11
3 99 2
4 0 12
4 1 12
4 2 5
4 3 1
4 4 3
4 5 10
4 6 11
4 7 14
4 8 13
4 9 7
4 10 18
4 11 16
4 12 19
4 13 6
4 14 14
4 15 14
4 16 2
4 17 1
4 18 15
4 19 5
4 20 5
4 21 7
4 22 13
4 23 1
4 24 17
4 25 13
4 26 1
4 27 0
4 28 14
4 29 11
4 30 12
4 31 9
4 32 5
4 33 3
4 34 14
4 35 5
4 36 2
4 37 3
4 38 8
4 39 11
4 40 11
4 41 7
4 42 10
4 43 18
4 44 8
4 45 14
4 46 13
4 47 20
4 48 2
4 49 4
4 50 13
4 51 17
4 52 7
4 53 12
4 54 9
4 55 10
4 56 3
4 57 8
4 58 7
4 59 1
4 60 16
4 61 4
4 62 4
4 63 17
4 64 3
4 65 8
4 66 20
4 67 18
4 68 0
4 69 13
4 70 12
4 71 11
4 72 16
4 73 13
4 74 19
4 75 2
4 76 8
4 77 6
4 78 13
4 79 9
4 80 1
4 81 4
4 82 0
4 83 2
4 84 15
4 85 17
4 86 7
4 87 0
4 88 19
4 89 18
4 90 9
4 91 9
4 92 12
4 93 15
4 94 2
4 95 17
4 96 13
4 97 20
4 98 8
4 99 0
5 0 3
5 1 20
5 2 4
5 3 18
5 4 2
5 5 16
5 6 3
5 7 13
5 8 4
5 9 16
5 10 0
5 11 1
5 12 16
5 13 13
5 14 9
5 15 18
5 16 11
5 17 4
5 18 5
5 19 0
5 20 6
5 21 1
5 22 13
5 23 11
5 24 15
5 25 1
5 26 15
5 27 11
5 28 19
5 29 15
5 30 11
5 31 20
5 32 11
5 33 19
5 34 3
5 35 11
5 36 14
5 37 4
5 38 2
5 39 1
5 40 5
5 41 2
5 42 20
5 43 10
5 44 7
5 45 1
5 46 17
5 47 8
5 48 0
5 49 17
5 50 17
5 51 15
5 52 0
5 53 11
5 54 19
5 55 8
5 56 8
5 57 5
5 58 12
5 59 17
5 60 13
5 61 13
5 62 14
5 63 12
5 64 10
5 65 12
5 66 10
5 67 11
5 68 1
5 69 1
5 70 7
5 71 5
5 72 20
5 73 20
5 74 19
5 75 8
5 76 3
5 77 4
5 78 19
5 79 10
5 80 0
5 81 8
5 82 15
5 83 2
5 84 0
5 85 17
5 86 12
5 87 8
5 88 11
5 89 13
5 90 1
5 91 7
5 92 2
5 93 10
5 94 6
5 95 2
5 96 11
5 97 16
5 98 10
5 99 11
6 0 11
6 1 17
6 2 1
6 3 14
6 4 9
6 5 8
6 6 18
6 7 5
6 8 3
6 9 20
6 10 16
6 11 4
6 12 17
6 13 7
6 14 3
6 15 7
6 16 11
6 17 3
6 18 7
6 19 1
6 20 1
6 21 6
6 22 2
6 23 18
6 24 9
6 25 5
6 26 9
6 27 16
6 28 2
6 29 2
6 30 17
6 31 13
6 32 13
6 33 19
6 34 14
6 35 2
6 36 8
6 37 19
6 38 19
6 39 12
6 40 3
6 41 16
6 42 19
6 43 0
6 44 19
6 45 19
6 46 5
6 47 11
6 48 9
6 49 3
6 50 19
6 51 0
6 52 3
6 53 8
6 54 19
6 55 8
6 56 12
6 57 18
6 58 13
6 59 16
6 60 1
6 61 3
6 62 19
6 63 13
6 64 15
6 65 6
6 66 0
6 67 17
6 68 20
6 69 9
6 70 17
6 71 17
6 72 8
6 73 3
6 74 2
6 75 6
6 76 8
6 77 0
6 78 0
6 79 20
6 80 3
6 81 19
6 82 3
6 83 6
6 84 10
6 85 18
6 86 3
6 87 10
6 88 19
6 89 1
6 90 17
6 91 9
6 92 10
6 93 6
6 94 11
6 95 18
6 96 3
6 97 16
6 98 6
6 99 19
7 0 10
7 1 0
7 2 10
7 3 18
7 4 5
7 5 7
7 6 9
7 7 19
7 8 7
7 9 5
7 10 20
7 11 15
7 12 11
7 13 5
7 14 6
7 15 14
7 16 11
7 17 14
7 18 9
7 19 2
7 20 18
7 21 12
7 22 6
7 23 12
7 24 12
7 25 6
7 26 12
7 27 19
7 28 7
7 29 1
7 30 11
7 31 8
7 32 4
7 33 14
7 34 20
7 35 16
7 36 16
7 37 7
7 38 12
7 39 3
7 40 1
7 41 6
7 42 12
7 43 14
7 44 20
7 45 11
7 46 6
7 47 18
7 48 0
7 49 10
7 50 3
7 51 15
7 52 18
7 53 10
7 54 10
7 55 2
7 56 15
7 57 6
7 58 20
7 59 0
7 60 11
7 61 1
7 62 15
7 63 6
7 64 8
7 65 14
7 66 19
7 67 20
7 68 0
7 69 5
7 70 9
7 71 13
7 72 2
7 73 15
7 74 15
7 75 15
7 76 4
7 77 8
7 78 12
7 79 0
7 80 18
7 81 8
7 82 5
7 83 8
7 84 7
7 85 8
7 86 9
7 87 12
7 88 0
7 89 4
7 90 10
7 91 5
7 92 16
7 93 13
7 94 7
7 95 18
7 96 8
7 97 11
7 98 14
7 99 20
8 0 13
8 1 10
8 2 13
8 3 20
8 4 19
8 5 17
8 6 6
8 7 10
8 8 16
8 9 6
8 10 4
8 11 1
8 12 10
8 13 7
8 14 5
8 15 14
8 16 15
8 17 8
8 18 11
8 19 3
8 20 10
8 21 2
8 22 17
8 23 1
8 24 8
8 25 0
8 26 1
8 27 2
8 28 12
8 29 20
8 30 19
8 31 0
8 32 13
8 33 19
8 34 7
8 35 0
8 36 0
8 37 2
8 38 12
8 39 20
8 40 10
8 41 3
8 42 19
8 43 4
8 44 2
8 45 0
8 46 13
8 47 6
8 48 4
8 49 18
8 50 10
8 51 0
8 52 18
8 53 10
8 54 19
8 55 7
8 56 10
8 57 3
8 58 4
8 59 14
8 60 12
8 61 5
8 62 16
8 63 15
8 64 5
8 65 7
8 66 0
8 67 4
8 68 14
8 69 6
8 70 0
8 71 19
8 72 3
8 73 16
8 74 3
8 75 3
8 76 8
8 77 11
8 78 15
8 79 12
8 80 16
8 81 18
8 82 19
8 83 11
8 84 9
8 85 19
8 86 9
8 87 1
8 88 8
8 89 15
8 90 3
8 91 3
8 92 11
8 93 13
8 94 15
8 95 15
8 96 11
8 97 3
8 98 3
8 99 11
9 0 10
9 1 7
9 2 13
9 3 9
9 4 18
9 5 13
9 6 0
9 7 20
9 8 9
9 9 14
9 10 20
9 11 19
9 12 12
9 13 14
9 14 4
9 15 15
9 16 1
9 17 6
9 18 13
9 19 8
9 20 11
9 21 20
9 22 6
9 23 7
9 24 2
9 25 6
9 26 10
9 27 10
9 28 9
9 29 0
9 30 9
9 31 0
9 32 4
9 33 20
9 34 7
9 35 5
9 36 11
9 37 7
9 38 8
9 39 4
9 40 13
9 41 15
9 42 19
9 43 17
9 44 4
9 45 9
9 46 1
9 47 17
9 48 1
9 49 14
9 50 14
9 51 12
9 52 8
9 53 9
9 54 19
9 55 9
9 56 14
9 57 18
9 58 1
9 59 1
9 60 12
9 61 2
9 62 9
9 63 9
9 64 2
9 65 2
9 66 3
9 67 2
9 68 17
9 69 15
9 70 6
9 71 2
9 72 9
9 73 19
9 74 9
9 75 5
9 76 18
9 77 13
9 78 15
9 79 5
9 80 12
9 81 1
9 82 2
9 83 3
9 84 0
9 85 1
9 86 13
9 87 13
9 88 1
9 89 4
9 90 3
9 91 10
9 92 6
9 93 3
9 94 5
9 95 13
9 96 6
9 97 14
9 98 0
9 99 11
10 0 5
10 1 2
10 2 1
10 3 16
10 4 0
10 5 9
10 6 8
10 7 11
10 8 11
10 9 20
10 10 19
10 11 2
10 12 3
10 13 6
10 14 12
10 15 19
10 16 3
10 17 19
10 18 19
10 19 19
10 20 14
10 21 13
10 22 17
10 23 17
10 24 12
10 25 0
10 26 9
10 27 6
10 28 16
10 29 5
10 30 0
10 31 0
10 32 4
10 33 12
10 34 19
10 35 11
10 36 1
10 37 11
10 38 6
10 39 9
10 40 8
10 41 3
10 42 13
10 43 18
10 44 11
10 45 1
10 46 0
10 47 4
10 48 11
10 49 6
10 50 12
10 51 6
10 52 19
10 53 19
10 54 7
10 55 1
10 56 13
10 57 10
10 58 13
10 59 1
10 60 18
10 61 10
10 62 19
10 63 16
10 64 11
10 65 10
10 66 16
10 67 11
10 68 10
10 69 14
10 70 13
10 71 10
10 72 13
10 73 17
10 74 5
10 75 17
10 76 2
10 77 12
10 78 18
10 79 19
10 80 7
10 81 20
10 82 3
10 83 14
10 84 19
10 85 10
10 86 2
10 87 9
10 88 14
10 89 12
10 90 11
10 91 1
10 92 18
10 93 13
10 94 18
10 95 0
10 96 14
10 97 5
10 98 7
10 99 8
11 0 9
11 1 19
11 2 13
11 3 10
11 4 16
11 5 10
11 6 0
11 7 13
11 8 8
11 9 7
11 10 12
11 11 16
11 12 3
11 13 0
11 14 16
11 15 10
11 16 16
11 17 0
11 18 14
11 19 19
11 20 11
11 21 16
11 22 12
11 23 16
11 24 16
11 25 13
11 26 17
11 27 15
11 28 5
11 29 10
11 30 10
11 31 16
11 32 9
11 33 16
11 34 4
11 35 2
11 36 9
11 37 8
11 38 3
11 39 11
11 40 20
11 41 8
11 42 19
11 43 14
11 44 1
11 45 11
11 46 16
11 47 10
11 48 15
11 49 8
11 50 19
11 51 15
11 52 7
11 53 18
11 54 6
11 55 0
11 56 7
11 57 15
11 58 13
11 59 0
11 60 4
11 61 17
11 62 19
11 63 9
11 64 4
11 65 19
11 66 4
11 67 12
11 68 3
11 69 17
11 70 0
11 71 4
11 72 3
11 73 19
11 74 17
11 75 12
11 76 4
11 77 16
11 78 10
11 79 15
11 80 4
11 81 18
11 82 19
11 83 3
11 84 1
11 85 9
11 86 12
11 87 15
11 88 11
11 89 3
11 90 19
11 91 9
11 92 16
11 93 2
11 94 3
11 95 3
11 96 20
11 97 4
11 98 18
11 99 7
12 0 2
12 1 15
12 2 8
12 3 17
12 4 7
12 5 10
12 6 2
12 7 11
12 8 0
12 9 6
12 10 11
12 11 6
12 12 1
12 13 10
12 14 1
12 15 17
12 16 5
12 17 17
12 18 20
12 19 1
12 20 20
12 21 1
12 22 10
12 23 19
12 24 5
12 25 16
12 26 20
12 27 20
12 28 7
12 29 2
12 30 17
12 31 6
12 32 11
12 33 4
12 34 14
12 35 17
12 36 1
12 37 14
12 38 9
12 39 4
12 40 0
12 41 18
12 42 17
12 43 8
12 44 19
12 45 20
12 46 2
12 47 8
12 48 12
12 49 15
12 50 13
12 51 5
12 52 0
12 53 14
12 54 5
12 55 18
12 56 2
12 57 10
12 58 1
12 59 4
12 60 13
12 61 8
12 62 4
12 63 5
12 64 6
12 65 4
12 66 14
12 67 20
12 68 1
12 69 16
12 70 9
12 71 17
12 72 11
12 73 0
12 74 16
12 75 0
12 76 11
12 77 6
12 78 2
12 79 7
12 80 19
12 81 10
12 82 10
12 83 1
12 84 16
12 85 16
12 86 15
12 87 18
12 88 3
12 89 15
12 90 12
12 91 15
12 92 11
12 93 11
12 94 14
12 95 6
12 96 18
12 97 1
12 98 15
12 99 1
13 0 3
13 1 18
13 2 14
13 3 12
13 4 10
13 5 3
13 6 7
13 7 14
13 8 10
13 9 4
13 10 18
13 11 9
13 12 0
13 13 0
13 14 6
13 15 14
13 16 12
13 17 2
13 18 8
13 19 8
13 20 5
13 21 6
13 22 19
13 23 3
13 24 18
13 25 16
13 26 4
13 27 2
13 28 18
13 29 8
13 30 11
13 31 19
13 32 7
13 33 2
13 34 5
13 35 9
13 36 1
13 37 10
13 38 12
13 39 13
13 40 8
13 41 15
13 42 13
13 43 12
13 44 19
13 45 7
13 46 0
13 47 10
13 48 9
13 49 14
13 50 10
13 51 3
13 52 4
13 53 10
13 54 0
13 55 17
13 56 14
13 57 15
13 58 18
13 59 2
13 60 10
13 61 16
13 62 10
13 63 7
13 64 2
13 65 1
13 66 20
13 67 18
13 68 12
13 69 14
13 70 15
13 71 3
13 72 9
13 73 0
13 74 1
13 75 19
13 76 7
13 77 20
13 78 1
13 79 11
13 80 8
13 81 13
13 82 6
13 83 5
13 84 10
13 85 2
13 86 12
13 87 3
13 88 15
13 89 3
13 90 3
13 91 12
13 92 1
13 93 13
13 94 5
13 95 4
13 96 5
13 97 20
13 98 11
13 99 2
14 0 9
14 1 0
14 2 10
14 3 17
14 4 2
14 5 8
14 6 20
14 7 2
14 8 10
14 9 11
14 10 17
14 11 3
14 12 1
14 13 2
14 14 18
14 15 1
14 16 5
14 17 6
14 18 16
14 19 4
14 20 5
14 21 0
14 22 3
14 23 1
14 24 17
14 25 6
14 26 9
14 27 8
14 28 17
14 29 15
14 30 1
14 31 5
14 32 9
14 33 17
14 34 11
14 35 12
14 36 0
14 37 14
14 38 16
14 39 9
14 40 20
14 41 4
14 42 14
14 43 10
14 44 9
14 45 1
14 46 11
14 47 13
14 48 6
14 49 16
14 50 19
14 51 1
14 52 1
14 53 8
14 54 20
14 55 18
14 56 7
14 57 6
14 58 14
14 59 13
14 60 4
14 61 0
14 62 13
14 63 20
14 64 12
14 65 6
14 66 5
14 67 6
14 68 2
14 69 8
14 70 11
14 71 20
14 72 20
14 73 5
14 74 6
14 75 6
14 76 5
14 77 13
14 78 0
14 79 17
14 80 10
14 81 8
14 82 2
14 83 2
14 84 14
14 85 4
14 86 16
14 87 17
14 88 9
14 89 1
14 90 8
14 91 18
14 92 4
14 93 5
14 94 0
14 95 11
14 96 13
14 97 20
14 98 16
14 99 4
15 0 13
15 1 4
15 2 3
15 3 8
15 4 9
15 5 12
15 6 4
15 7 4
15 8 1
15 9 3
15 10 12
15 11 16
15 12 15
15 13 5
15 14 7
15 15 15
15 16 7
15 17 14
15 18 19
15 19 2
15 20 19
15 21 2
15 22 13
15 23 15
15 24 11
15 25 8
15 26 15
15 27 0
15 28 14
15 29 6
15 30 5
15 31 5
15 32 17
15 33 7
15 34 9
15 35 16
15 36 11
15 37 20
15 38 6
15 39 9
15 40 9
15 41 17
15 42 1
15 43 15
15 44 6
15 45 7
15 46 7
15 47 10
15 48 16
15 49 20
15 50 13
15 51 3
15 52 1
15 53 5
15 54 5
15 55 11
15 56 0
15 57 0
15 58 10
15 59 17
15 60 2
15 61 14
15 62 14
15 63 19
15 64 20
15 65 14
15 66 15
15 67 5
15 68 6
15 69 2
15 70 15
15 71 20
15 72 11
15 73 17
15 74 20
15 75 8
15 76 14
15 77 8
15 78 15
15 79 2
15 80 7
15 81 13
15 82 4
15 83 6
15 84 6
15 85 10
15 86 7
15 87 14
15 88 2
15 89 0
15 90 10
15 91 6
15 92 5
15 93 1
15 94 4
15 95 5
15 96 10
15 97 17
15 98 4
15 99 0
16 0 6
16 1 17
16 2 14
16 3 6
16 4 14
16 5 4
16 6 0
16 7 19
16 8 8
16 9 17
16 10 14
16 11 2
16 12 17
16 13 7
16 14 14
16 15 20
16 16 5
16 17 2
16 18 16
16 19 16
16 20 18
16 21 9
16 22 1
16 23 18
16 24 0
16 25 19
16 26 0
16 27 3
16 28 19
16 29 7
16 30 7
16 31 9
16 32 7
16 33 20
16 34 3
16 35 12
16 36 8
16 37 5
16 38 2
16 39 8
16 40 1
16 41 11
16 42 14
16 43 18
16 44 15
16 45 15
16 46 12
16 47 8
16 48 10
16 49 10
16 50 3
16 51 9
16 52 18
16 53 9
16 54 6
16 55 16
16 56 4
16 57 7
16 58 7
16 59 0
16 60 5
16 61 20
16 62 4
16 63 19
16 64 9
16 65 7
16 66 17
16 67 19
16 68 0
16 69 20
16 70 4
16 71 18
16 72 12
16 73 13
16 74 10
16 75 3
16 76 9
16 77 8
16 78 15
16 79 20
16 80 15
16 81 5
16 82 6
16 83 7
16 84 7
16 85 7
16 86 16
16 87 15
16 88 8
16 89 8
16 90 19
16 91 16
16 92 4
16 93 19
16 94 20
16 95 10
16 96 6
16 97 12
16 98 14
16 99 13
17 0 7
17 1 11
17 2 0
17 3 10
17 4 9
17 5 15
17 6 20
17 7 6
17 8 20
17 9 1
17 10 3
17 11 13
17 12 16
17 13 15
17 14 16
17 15 17
17 16 4
17 17 20
17 18 6
17 19 1
17 20 18
17 21 13
17 22 4
17 23 7
17 24 18
17 25 16
17 26 10
17 27 6
17 28 15
17 29 10
17 30 13
17 31 3
17 32 13
17 33 4
17 34 14
17 35 6
17 36 20
17 37 10
17 38 4
17 39 15
17 40 12
17 41 10
17 42 5
17 43 14
17 44 15
17 45 7
17 46 19
17 47 14
17 48 10
17 49 0
17 50 9
17 51 4
17 52 9
17 53 20
17 54 20
17 55 16
17 56 3
17 57 19
17 58 18
17 59 17
17 60 15
17 61 3
17 62 9
17 63 14
17 64 1
17 65 11
17 66 20
17 67 6
17 68 14
17 69 19
17 70 13
17 71 14
17 72 1
17 73 1
17 74 12
17 75 4
17 76 2
17 77 15
17 78 10
17 79 6
17 80 15
17 81 2
17 82 4
17 83 10
17 84 18
17 85 5
17 86 6
17 87 2
17 88 4
17 89 10
17 90 2
17 91 3
17 92 9
17 93 5
17 94 2
17 95 7
17 96 10
17 97 12
17 98 4
17 99 2
18 0 1
18 1 8
18 2 3
18 3 7
18 4 1
18 5 2
18 6 17
18 7 12
18 8 4
18 9 19
18 10 9
18 11 13
18 12 10
18 13 4
18 14 3
18 15 17
18 16 10
18 17 9
18 18 12
18 19 20
18 20 14
18 21 11
18 22 12
18 23 12
18 24 14
18 25 15
18 26 8
18 27 0
18 28 9
18 29 14
18 30 1
18 31 7
18 32 1
18 33 18
18 34 18
18 35 0
18 36 17
18 37 3
18 38 6
18 39 5
18 40 7
18 41 11
18 42 16
18 43 9
18 44 7
18 45 3
18 46 11
18 47 4
18 48 14
18 49 8
18 50 18
18 51 8
18 52 0
18 53 14
18 54 1
18 55 19
18 56 2
18 57 5
18 58 17
18 59 16
18 60 3
18 61 3
18 62 20
18 63 8
18 64 0
18 65 17
18 66 16
18 67 2
18 68 15
18 69 4
18 70 20
18 71 11
18 72 6
18 73 20
18 74 5
18 75 19
18 76 19
18 77 1
18 78 3
18 79 10
18 80 17
18 81 9
18 82 6
18 83 20
18 84 3
18 85 5
18 86 3
18 87 0
18 88 0
18 89 19
18 90 14
18 91 3
18 92 5
18 93 0
18 94 8
18 95 6
18 96 18
18 97 3
18 98 4
18 99 0
19 0 18
19 1 16
19 2 3
19 3 2
19 4 7
19 5 1
19 6 4
19 7 5
19 8 17
19 9 16
19 10 6
19 11 19
19 12 18
19 13 2
19 14 5
19 15 11
19 16 1
19 17 6
19 18 6
19 19 0
19 20 12
19 21 9
19 22 9
19 23 3
19 24 17
19 25 8
19 26 18
19 27 5
19 28 2
19 29 11
19 30 8
19 31 18
19 32 19
19 33 5
19 34 3
19 35 12
19 36 15
19 37 15
19 38 1
19 39 15
19 40 1
19 41 16
19 42 3
19 43 10
19 44 19
19 45 12
19 46 2
19 47 3
19 48 19
19 49 11
19 50 13
19 51 1
19 52 16
19 53 3
19 54 8
19 55 14
19 56 12
19 57 14
19 58 13
19 59 14
19 60 19
19 61 6
19 62 18
19 63 2
19 64 2
19 65 1
19 66 19
19 67 2
19 68 1
19 69 2
19 70 8
19 71 13
19 72 11
19 73 3
19 74 1
19 75 4
19 76 20
19 77 4
19 78 12
19 79 4
19 80 15
19 81 18
19 82 18
19 83 19
19 84 5
19 85 4
19 86 13
19 87 13
19 88 17
19 89 13
19 90 17
19 91 14
19 92 19
19 93 8
19 94 11
19 95 6
19 96 14
19 97 18
19 98 19
19 99 18
20 0 7
20 1 14
20 2 6
20 3 15
20 4 19
20 5 11
20 6 4
20 7 18
20 8 18
20 9 5
20 10 10
20 11 19
20 12 18
20 13 7
20 14 13
20 15 19
20 16 11
20 17 18
20 18 13
20 19 5
20 20 20
20 21 9
20 22 14
20 23 15
20 24 14
20 25 0
20 26 13
20 27 6
20 28 1
20 29 11
20 30 14
20 31 13
20 32 9
20 33 13
20 34 15
20 35 6
20 36 3
20 37 16
20 38 15
20 39 20
20 40 6
20 41 12
20 42 15
20 43 1
20 44 9
20 45 9
20 46 13
20 47 6
20 48 0
20 49 19
20 50 17
20 51 13
20 52 17
20 53 4
20 54 7
20 55 13
20 56 17
20 57 5
20 58 15
20 59 5
20 60 0
20 61 5
20 62 13
20 63 14
20 64 16
20 65 17
20 66 12
20 67 6
20 68 18
20 69 3
20 70 12
20 71 9
20 72 18
20 73 8
20 74 11
20 75 11
20 76 18
20 77 9
20 78 10
20 79 18
20 80 15
20 81 9
20 82 3
20 83 10
20 84 17
20 85 3
20 86 4
20 87 12
20 88 4
20 89 2
20 90 5
20 91 20
20 92 10
20 93 4
20 94 10
20 95 13
20 96 14
20 97 19
20 98 20
20 99 1
21 0 16
21 1 11
21 2 3
21 3 20
21 4 15
21 5 7
21 6 17
21 7 4
21 8 14
21 9 16
21 10 14
21 11 7
21 12 18
21 13 20
21 14 14
21 15 14
21 16 8
21 17 1
21 18 9
21 19 19
21 20 7
21 21 8
21 22 17
21 23 20
21 24 14
21 25 8
21 26 1
21 27 5
21 28 7
21 29 19
21 30 17
21 31 17
21 32 20
21 33 15
21 34 20
21 35 1
21 36 3
21 37 2
21 38 1
21 39 16
21 40 8
21 41 16
21 42 15
21 43 17
21 44 6
21 45 10
21 46 15
21 47 4
21 48 11
21 49 13
21 50 7
21 51 17
21 52 0
21 53 19
21 54 17
21 55 7
21 56 15
21 57 5
21 58 2
21 59 14
21 60 12
21 61 2
21 62 20
21 63 15
21 64 15
21 65 11
21 66 18
21 67 2
21 68 8
21 69 19
21 70 5
21 71 6
21 72 8
21 73 16
21 74 14
21 75 16
21 76 15
21 77 9
21 78 6
21 79 8
21 80 3
21 81 15
21 82 17
21 83 2
21 84 5
21 85 6
21 86 2
21 87 16
21 88 20
21 89 20
21 90 5
21 91 11
21 92 18
21 93 17
21 94 20
21 95 14
21 96 19
21 97 15
21 98 20
21 99 12
22 0 4
22 1 15
22 2 17
22 3 2
22 4 6
22 5 2
22 6 5
22 7 20
22 8 19
22 9 11
22 10 2
22 11 11
22 12 11
22 13 20
22 14 1
22 15 17
22 16 3
22 17 10
22 18 0
22 19 19
22 20 18
22 21 18
22 22 1
22 23 18
22 24 16
22 25 1
22 26 0
22 27 18
22 28 2
22 29 4
22 30 19
22 31 11
22 32 10
22 33 9
22 34 14
22 35 1
22 36 1
22 37 13
22 38 1
22 39 8
22 40 18
22 41 17
22 42 1
22 43 3
22 44 18
22 45 12
22 46 0
22 47 0
22 48 11
22 49 14
22 50 15
22 51 8
22 52 13
22 53 1
22 54 6
22 55 13
22 56 14
22 57 5
22 58 10
22 59 6
22 60 14
22 61 1
22 62 8
22 63 0
22 64 18
22 65 18
22 66 10
22 67 11
22 68 7
22 69 14
22 70 20
22 71 7
22 72 17
22 73 17
22 74 13
22 75 4
22 76 14
22 77 14
22 78 16
22 79 3
22 80 17
22 81 20
22 82 5
22 83 9
22 84 20
22 85 0
22 86 0
22 87 17
22 88 8
22 89 5
22 90 14
22 91 10
22 92 7
22 93 13
22 94 1
22 95 11
22 96 19
22 97 8
22 98 4
22 99 16
23 0 17
23 1 20
23 2 0
23 3 7
23 4 3
23 5 10
23 6 20
23 7 3
23 8 12
23 9 12
23 10 13
23 11 7
23 12 16
23 13 10
23 14 5
23 15 14
23 16 11
23 17 2
23 18 1
23 19 4
23 20 15
23 21 19
23 22 9
23 23 3
23 24 6
23 25 12
23 26 6
23 27 18
23 28 19
23 29 16
23 30 19
23 31 16
23 32 10
23 33 4
23 34 9
23 35 12
23 36 0
23 37 16
23 38 16
23 39 0
23 40 6
23 41 8
23 42 4
23 43 18
23 44 10
23 45 9
23 46 7
23 47 3
23 48 2
23 49 17
23 50 0
23 51 2
23 52 6
23 53 2
23 54 15
23 55 16
23 56 12
23 57 9
23 58 3
23 59 17
23 60 10
23 61 3
23 62 5
23 63 13
23 64 13
23 65 1
23 66 10
23 67 18
23 68 17
23 69 11
23 70 13
23 71 16
23 72 12
23 73 16
23 74 19
23 75 17
23 76 5
23 77 17
23 78 16
23 79 15
23 80 19
23 81 18
23 82 3
23 83 0
23 84 1
23 85 7
23 86 0
23 87 12
23 88 20
23 89 2
23 90 5
23 91 16
23 92 3
23 93 17
23 94 20
23 95 20
23 96 4
23 97 1
23 98 4
23 99 19
24 0 1
24 1 16
24 2 17
24 3 2
24 4 4
24 5 9
24 6 13
24 7 0
24 8 14
24 9 3
24 10 6
24 11 10
24 12 5
24 13 1
24 14 20
24 15 13
24 16 10
24 17 9
24 18 14
24 19 1
24 20 12
24 21 19
24 22 3
24 23 10
24 24 14
24 25 13
24 26 18
24 27 4
24 28 6
24 29 6
24 30 3
24 31 15
24 32 17
24 33 3
24 34 17
24 35 11
24 36 10
24 37 16
24 38 8
24 39 9
24 40 19
24 41 1
24 42 8
24 43 1
24 44 5
24 45 5
24 46 11
24 47 20
24 48 6
24 49 5
24 50 10
24 51 0
24 52 12
24 53 10
24 54 15
24 55 20
24 56 6
24 57 10
24 58 8
24 59 15
24 60 13
24 61 8
24 62 20
24 63 14
24 64 13
24 65 13
24 66 2
24 67 15
24 68 3
24 69 9
24 70 14
24 71 12
24 72 5
24 73 19
24 74 4
24 75 13
24 76 3
24 77 14
24 78 2
24 79 13
24 80 4
24 81 13
24 82 4
24 83 17
24 84 10
24 85 3
24 86 15
24 87 6
24 88 13
24 89 10
24 90 7
24 91 6
24 92 3
24 93 13
24 94 17
24 95 17
24 96 12
24 97 11
24 98 12
24 99 2
25 0 1
25 1 0
25 2 3
25 3 16
25 4 4
25 5 9
25 6 13
25 7 20
25 8 20
25 9 1
25 10 1
25 11 8
25 12 8
25 13 14
25 14 19
25 15 0
25 16 19
25 17 3
25 18 18
25 19 4
25 20 2
25 21 20
25 22 8
25 23 0
25 24 6
25 25 3
25 26 4
25 27 9
25 28 17
25 29 8
25 30 20
25 31 17
25 32 7
25 33 2
25 34 2
25 35 5
25 36 9
25 37 17
25 38 3
25 39 17
25 40 19
25 41 18
25 42 10
25 43 13
25 44 12
25 45 12
25 46 8
25 47 7
25 48 9
25 49 14
25 50 17
25 51 1
25 52 18
25 53 19
25 54 7
25 55 3
25 56 14
25 57 0
25 58 3
25 59 5
25 60 5
25 61 17
25 62 15
25 63 10
25 64 17
25 65 5
25 66 13
25 67 1
25 68 19
25 69 16
25 70 4
25 71 6
25 72 10
25 73 13
25 74 7
25 75 3
25 76 7
25 77 0
25 78 15
25 79 17
25 80 0
25 81 9
25 82 12
25 83 1
25 84 3
25 85 18
25 86 12
25 87 20
25 88 20
25 89 16
25 90 11
25 91 12
25 92 7
25 93 3
25 94 7
25 95 5
25 96 1
25 97 2
25 98 8
25 99 1
26 0 16
26 1 11
26 2 7
26 3 6
26 4 13
26 5 20
26 6 17
26 7 13
26 8 2
26 9 7
26 10 5
26 11 11
26 12 10
26 13 2
26 14 5
26 15 17
26 16 19
26 17 8
26 18 0
26 19 4
26 20 0
26 21 5
26 22 8
26 23 6
26 24 19
26 25 8
26 26 5
26 27 1
26 28 7
26 29 4
26 30 17
26 31 12
26 32 8
26 33 20
26 34 6
26 35 17
26 36 3
26 37 11
26 38 4
26 39 12
26 40 5
26 41 1
26 42 8
26 43 10
26 44 9
26 45 9
26 46 16
26 47 6
26 48 20
26 49 3
26 50 4
26 51 3
26 52 0
26 53 9
26 54 17
26 55 18
26 56 6
26 57 5
26 58 11
26 59 12
26 60 13
26 61 9
26 62 17
26 63 5
26 64 12
26 65 19
26 66 17
26 67 9
26 68 9
26 69 12
26 70 0
26 71 7
26 72 15
26 73 20
26 74 2
26 75 18
26 76 5
26 77 7
26 78 10
26 79 4
26 80 4
26 81 4
26 82 0
26 83 5
26 84 10
26 85 20
26 86 13
26 87 2
26 88 20
26 89 5
26 90 2
26 91 3
26 92 7
26 93 18
26 94 8
26 95 5
26 96 5
26 97 18
26 98 7
26 99 14
27 0 16
27 1 3
27 2 5
27 3 8
27 4 6
27 5 14
27 6 4
27 7 19
27 8 14
27 9 0
27 10 18
27 11 1
27 12 5
27 13 3
27 14 6
27 15 12
27 16 15
27 17 3
27 18 7
27 19 3
27 20 3
27 21 2
27 22 0
27 23 0
27 24 9
27 25 5
27 26 5
27 27 2
27 28 5
27 29 16
27 30 11
27 31 16
27 32 20
27 33 19
27 34 2
27 35 12
27 36 20
27 37 20
27 38 10
27 39 9
27 40 1
27 41 19
27 42 8
27 43 6
27 44 4
27 45 7
27 46 16
27 47 5
27 48 13
27 49 18
27 50 8
27 51 9
27 52 10
27 53 18
27 54 12
27 55 6
27 56 4
27 57 13
27 58 3
27 59 13
27 60 2
27 61 1
27 62 8
27 63 8
27 64 1
27 65 4
27 66 18
27 67 1
27 68 6
27 69 16
27 70 6
27 71 3
27 72 14
27 73 6
27 74 15
27 75 13
27 76 12
27 77 9
27 78 2
27 79 15
27 80 16
27 81 12
27 82 15
27 83 9
27 84 3
27 85 0
27 86 16
27 87 9
27 88 9
27 89 15
27 90 13
27 91 8
27 92 5
27 93 14
27 94 11
27 95 20
27 96 14
27 97 15
27 98 20
27 99 6
28 0 0
28 1 13
28 2 0
28 3 5
28 4 13
28 5 6
28 6 1
28 7 20
28 8 13
28 9 17
28 10 13
28 11 13
28 12 16
28 13 9
28 14 18
28 15 16
28 16 2
28 17 18
28 18 4
28 19 6
28 20 7
28 21 3
28 22 9
28 23 9
28 24 7
28 25 16
28 26 10
28 27 14
28 28 12
28 29 1
28 30 15
28 31 18
28 32 4
28 33 14
28 34 5
28 35 2
28 36 16
28 37 19
28 38 12
28 39 9
28 40 3
28 41 2
28 42 12
28 43 14
28 44 1
28 45 5
28 46 2
28 47 7
28 48 13
28 49 18
28 50 8
28 51 7
28 52 19
28 53 14
28 54 20
28 55 18
28 56 8
28 57 3
28 58 13
28 59 17
28 60 1
28 61 0
28 62 8
28 63 4
28 64 2
28 65 6
28 66 14
28 67 18
28 68 14
28 69 19
28 70 5
28 71 4
28 72 2
28 73 15
28 74 3
28 75 5
28 76 12
28 77 9
28 78 18
28 79 1
28 80 17
28 81 8
28 82 4
28 83 8
28 84 8
28 85 12
28 86 20
28 87 1
28 88 20
28 89 6
28 90 10
28 91 10
28 92 17
28 93 15
28 94 14
28 95 13
28 96 3
28 97 10
28 98 16
28 99 1
29 0 2
29 1 11
29 2 18
29 3 3
29 4 0
29 5 1
29 6 19
29 7 11
29 8 5
29 9 5
29 10 11
29 11 5
29 12 6
29 13 17
29 14 2
29 15 2
29 16 8
29 17 20
29 18 5
29 19 0
29 20 3
29 21 2
29 22 16
29 23 2
29 24 8
29 25 2
29 26 19
29 27 2
29 28 13
29 29 6
29 30 5
29 31 2
29 32 2
29 33 9
29 34 12
29 35 3
29 36 14
29 37 18
29 38 14
29 39 17
29 40 4
29 41 8
29 42 3
29 43 17
29 44 6
29 45 10
29 46 12
29 47 2
29 48 8
29 49 7
29 50 16
29 51 0
29 52 11
29 53 11
29 54 6
29 55 12
29 56 3
29 57 15
29 58 20
29 59 17
29 60 17
29 61 5
29 62 14
29 63 9
29 64 14
29 65 3
29 66 9
29 67 6
29 68 6
29 69 9
29 70 17
29 71 20
29 72 18
29 73 18
29 74 15
29 75 19
29 76 1
29 77 6
29 78 13
29 79 16
29 80 16
29 81 9
29 82 18
29 83 19
29 84 3
29 85 19
29 86 5
29 87 15
29 88 2
29 89 10
29 90 15
29 91 18
29 92 11
29 93 1
29 94 17
29 95 13
29 96 16
29 97 7
29 98 19
29 99 9
30 0 9
30 1 10
30 2 12
30 3 12
30 4 17
30 5 9
30 6 20
30 7 2
30 8 2
30 9 10
30 10 2
30 11 1
30 12 19
30 13 19
30 14 11
30 15 3
30 16 4
30 17 19
30 18 12
30 19 2
30 20 17
30 21 2
30 22 20
30 23 14
30 24 14
30 25 16
30 26 17
30 27 14
30 28 5
30 29 13
30 30 15
30 31 11
30 32 7
30 33 1
30 34 10
30 35 1
30 36 4
30 37 16
30 38 11
30 39 15
30 40 14
30 41 6
30 42 7
30 43 12
30 44 16
30 45 17
30 46 12
30 47 1
30 48 3
30 49 3
30 50 3
30 51 15
30 52 0
30 53 20
30 54 2
30 55 19
30 56 4
30 57 3
30 58 11
30 59 13
30 60 19
30 61 10
30 62 6
30 63 7
30 64 11
30 65 6
30 66 15
30 67 19
30 68 6
30 69 19
30 70 9
30 71 9
30 72 6
30 73 20
30 74 5
30 75 19
30 76 16
30 77 19
30 78 9
30 79 10
30 80 19
30 81 13
30 82 10
30 83 14
30 84 7
30 85 8
30 86 2
30 87 17
30 88 4
30 89 5
30 90 11
30 91 5
30 92 18
30 93 14
30 94 1
30 95 15
30 96 10
30 97 7
30 98 13
30 99 8
31 0 3
31 1 9
31 2 4
31 3 12
31 4 5
31 5 13
31 6 4
31 7 16
31 8 13
31 9 10
31 10 13
31 11 12
31 12 12
31 13 19
31 14 9
31 15 20
31 16 9
31 17 16
31 18 14
31 19 3
31 20 19
31 21 5
31 22 6
31 23 2
31 24 0
31 25 9
31 26 2
31 27 16
31 28 15
31 29 2
31 30 0
31 31 5
31 32 9
31 33 6
31 34 12
31 35 6
31 36 0
31 37 4
31 38 0
31 39 1
31 40 8
31 41 5
31 42 16
31 43 4
31 44 0
31 45 9
31 46 18
31 47 10
31 48 18
31 49 6
31 50 15
31 51 14
31 52 17
31 53 16
31 54 19
31 55 20
31 56 5
31 57 5
31 58 20
31 59 20
31 60 15
31 61 0
31 62 5
31 63 0
31 64 19
31 65 12
31 66 5
31 67 2
31 68 7
31 69 18
31 70 11
31 71 3
31 72 6
31 73 18
31 74 9
31 75 8
31 76 19
31 77 19
31 78 5
31 79 9
31 80 15
31 81 12
31 82 17
31 83 0
31 84 11
31 85 8
31 86 8
31 87 8
31 88 20
31 89 3
31 90 3
31 91 2
31 92 4
31 93 16
31 94 7
31 95 3
31 96 16
31 97 14
31 98 5
31 99 18
32 0 16
32 1 13
32 2 4
32 3 1
32 4 9
32 5 14
32 6 9
32 7 20
32 8 14
32 9 13
32 10 3
32 11 14
32 12 10
32 13 7
32 14 0
32 15 1
32 16 2
32 17 6
32 18 14
32 19 5
32 20 6
32 21 1
32 22 12
32 23 17
32 24 9
32 25 1
32 26 9
32 27 14
32 28 14
32 29 5
32 30 7
32 31 5
32 32 4
32 33 15
32 34 14
32 35 4
32 36 17
32 37 8
32 38 0
32 39 2
32 40 6
32 41 1
32 42 13
32 43 0
32 44 12
32 45 19
32 46 0
32 47 9
32 48 0
32 49 16
32 50 18
32 51 6
32 52 16
32 53 11
32 54 9
32 55 16
32 56 20
32 57 18
32 58 16
32 59 18
32 60 5
32 61 11
32 62 20
32 63 7
32 64 0
32 65 18
32 66 12
32 67 8
32 68 6
32 69 1
32 70 9
32 71 7
32 72 16
32 73 10
32 74 11
32 75 6
32 76 0
32 77 17
32 78 18
32 79 2
32 80 18
32 81 5
32 82 2
32 83 3
32 84 3
32 85 15
32 86 5
32 87 16
32 88 9
32 89 7
32 90 14
32 91 16
32 92 10
32 93 7
32 94 18
32 95 18
32 96 3
32 97 13
32 98 20
32 99 11
33 0 9
33 1 16
33 2 5
33 3 7
33 4 16
33 5 3
33 6 0
33 7 0
33 8 0
33 9 19
33 10 11
33 11 18
33 12 1
33 13 13
33 14 13
33 15 10
33 16 12
33 17 3
33 18 16
33 19 15
33 20 10
33 21 10
33 22 9
33 23 5
33 24 12
33 25 0
33 26 19
33 27 6
33 28 8
33 29 9
33 30 18
33 31 19
33 32 16
33 33 7
33 34 3
33 35 5
33 36 6
33 37 14
33 38 9
33 39 17
33 40 9
33 41 17
33 42 18
33 43 8
33 44 14
33 45 3
33 46 18
33 47 1
33 48 6
33 49 2
33 50 13
33 51 5
33 52 19
33 53 19
33 54 9
33 55 12
33 56 3
33 57 12
33 58 11
33 59 12
33 60 15
33 61 13
33 62 13
33 63 18
33 64 19
33 65 14
33 66 7
33 67 19
33 68 9
33 69 10
33 70 5
33 71 17
33 72 13
33 73 4
33 74 14
33 75 11
33 76 18
33 77 4
33 78 0
33 79 7
33 80 9
33 81 15
33 82 15
33 83 7
33 84 6
33 85 14
33 86 1
33 87 7
33 88 7
33 89 16
33 90 0
33 91 11
33 92 13
33 93 20
33 94 20
33 95 16
33 96 2
33 97 10
33 98 18
33 99 6
34 0 20
34 1 7
34 2 17
34 3 0
34 4 7
34 5 14
34 6 4
34 7 14
34 8 18
34 9 10
34 10 14
34 11 19
34 12 1
34 13 16
34 14 15
34 15 10
34 16 7
34 17 20
34 18 12
34 19 11
34 20 0
34 21 3
34 22 19
34 23 13
34 24 3
34 25 19
34 26 5
34 27 16
34 28 19
34 29 11
34 30 11
34 31 11
34 32 16
34 33 15
34 34 12
34 35 6
34 36 4
34 37 7
34 38 13
34 39 3
34 40 8
34 41 11
34 42 12
34 43 9
34 44 14
34 45 2
34 46 20
34 47 0
34 48 3
34 49 5
34 50 2
34 51 14
34 52 5
34 53 1
34 54 2
34 55 2
34 56 5
34 57 3
34 58 14
34 59 16
34 60 14
34 61 8
34 62 11
34 63 11
34 64 16
34 65 11
34 66 4
34 67 3
34 68 4
34 69 15
34 70 4
34 71 10
34 72 17
34 73 17
34 74 14
34 75 1
34 76 3
34 77 11
34 78 8
34 79 18
34 80 6
34 81 14
34 82 3
34 83 14
34 84 6
34 85 16
34 86 13
34 87 14
34 88 9
34 89 18
34 90 16
34 91 7
34 92 15
34 93 7
34 94 7
34 95 17
34 96 12
34 97 11
34 98 6
34 99 11
35 0 8
35 1 8
35 2 10
35 3 2
35 4 13
35 5 9
35 6 12
35 7 16
35 8 14
35 9 10
35 10 5
35 11 14
35 12 2
35 13 15
35 14 17
35 15 5
35 16 13
35 17 3
35 18 19
35 19 6
35 20 18
35 21 16
35 22 17
35 23 4
35 24 15
35 25 14
35 26 20
35 27 7
35 28 16
35 29 12
35 30 16
35 31 18
35 32 2
35 33 12
35 34 9
35 35 16
35 36 17
35 37 9
35 38 9
35 39 1
35 40 17
35 41 10
35 42 7
35 43 0
35 44 3
35 45 1
35 46 10
35 47 2
35 48 16
35 49 11
35 50 9
35 51 17
35 52 6
35 53 8
35 54 14
35 55 10
35 56 12
35 57 7
35 58 5
35 59 9
35 60 7
35 61 14
35 62 9
35 63 11
35 64 8
35 65 17
35 66 19
35 67 4
35 68 15
35 69 16
35 70 4
35 71 7
35 72 10
35 73 13
35 74 12
35 75 13
35 76 2
35 77 6
35 78 20
35 79 4
35 80 1
35 81 19
35 82 2
35 83 16
35 84 17
35 85 9
35 86 20
35 87 13
35 88 19
35 89 9
35 90 8
35 91 12
35 92 2
35 93 6
35 94 9
35 95 7
35 96 5
35 97 9
35 98 8
35 99 9
36 0 20
36 1 20
36 2 19
36 3 12
36 4 11
36 5 12
36 6 15
36 7 18
36 8 9
36 9 3
36 10 5
36 11 1
36 12 3
36 13 3
36 14 20
36 15 11
36 16 15
36 17 11
36 18 13
36 19 3
36 20 0
36 21 19
36 22 19
36 23 0
36 24 16
36 25 11
36 26 5
36 27 11
36 28 18
36 29 10
36 30 7
36 31 11
36 32 11
36 33 17
36 34 15
36 35 20
36 36 14
36 37 5
36 38 2
36 39 9
36 40 12
36 41 3
36 42 1
36 43 12
36 44 5
36 45 20
36 46 9
36 47 5
36 48 7
36 49 0
36 50 0
36 51 13
36 52 11
36 53 20
36 54 20
36 55 12
36 56 9
36 57 4
36 58 17
36 59 14
36 60 0
36 61 11
36 62 7
36 63 9
36 64 19
36 65 16
36 66 1
36 67 16
36 68 15
36 69 10
36 70 4
36 71 16
36 72 12
36 73 2
36 74 18
36 75 0
36 76 8
36 77 14
36 78 18
36 79 0
36 80 9
36 81 1
36 82 17
36 83 17
36 84 14
36 85 4
36 86 20
36 87 18
36 88 13
36 89 8
36 90 8
36 91 6
36 92 12
36 93 15
36 94 4
36 95 9
36 96 4
36 97 7
36 98 13
36 99 13
37 0 11
37 1 4
37 2 20
37 3 20
37 4 17
37 5 3
37 6 12
37 7 4
37 8 1
37 9 9
37 10 16
37 11 14
37 12 17
37 13 17
37 14 9
37 15 7
37 16 20
37 17 10
37 18 5
37 19 18
37 20 9
37 21 9
37 22 8
37 23 2
37 24 13
37 25 18
37 26 3
37 27 2
37 28 5
37 29 20
37 30 13
37 31 6
37 32 14
37 33 6
37 34 3
37 35 16
37 36 0
37 37 9
37 38 10
37 39 4
37 40 19
37 41 11
37 42 11
37 43 18
37 44 18
37 45 12
37 46 0
37 47 15
37 48 8
37 49 6
37 50 11
37 51 5
37 52 13
37 53 9
37 54 14
37 55 3
37 56 2
37 57 17
37 58 15
37 59 12
37 60 18
37 61 0
37 62 2
37 63 6
37 64 6
37 65 18
37 66 8
37 67 20
37 68 16
37 69 4
37 70 7
37 71 17
37 72 9
37 73 3
37 74 17
37 75 4
37 76 18
37 77 20
37 78 11
37 79 8
37 80 4
37 81 15
37 82 2
37 83 19
37 84 12
37 85 0
37 86 2
37 87 0
37 88 7
37 89 15
37 90 11
37 91 9
37 92 9
37 93 11
37 94 9
37 95 9
37 96 0
37 97 6
37 98 14
37 99 4
38 0 5
38 1 0
38 2 4
38 3 9
38 4 8
38 5 17
38 6 4
38 7 17
38 8 12
38 9 3
38 10 9
38 11 3
38 12 17
38 13 11
38 14 0
38 15 15
38 16 4
38 17 13
38 18 18
38 19 17
38 20 17
38 21 10
38 22 7
38 23 3
38 24 14
38 25 10
38 26 17
38 27 4
38 28 1
38 29 9
38 30 0
38 31 4
38 32 7
38 33 19
38 34 1
38 35 9
38 36 13
38 37 11
38 38 13
38 39 15
38 40 9
38 41 9
38 42 19
38 43 7
38 44 1
38 45 10
38 46 10
38 47 1
38 48 0
38 49 5
38 50 5
38 51 10
38 52 10
38 53 5
38 54 3
38 55 5
38 56 3
38 57 18
38 58 20
38 59 12
38 60 10
38 61 11
38 62 11
38 63 12
38 64 10
38 65 1
38 66 14
38 67 10
38 68 17
38 69 5
38 70 5
38 71 6
38 72 15
38 73 13
38 74 6
38 75 2
38 76 5
38 77 10
38 78 17
38 79 13
38 80 20
38 81 17
38 82 6
38 83 2
38 84 6
38 85 19
38 86 7
38 87 9
38 88 10
38 89 16
38 90 3
38 91 1
38 92 8
38 93 6
38 94 12
38 95 10
38 96 5
38 97 3
38 98 2
38 99 16
39 0 2
39 1 16
39 2 20
39 3 7
39 4 0
39 5 5
39 6 7
39 7 14
39 8 8
39 9 4
39 10 11
39 11 1
39 12 9
39 13 16
39 14 3
39 15 1
39 16 8
39 17 5
39 18 8
39 19 7
39 20 6
39 21 6
39 22 4
39 23 6
39 24 1
39 25 10
39 26 15
39 27 12
39 28 15
39 29 12
39 30 14
39 31 11
39 32 9
39 33 0
39 34 19
39 35 10
39 36 19
39 37 13
39 38 18
39 39 5
39 40 7
39 41 8
39 42 0
39 43 9
39 44 6
39 45 2
39 46 11
39 47 3
39 48 6
39 49 19
39 50 11
39 51 18
39 52 16
39 53 3
39 54 3
39 55 20
39 56 1
39 57 17
39 58 13
39 59 6
39 60 2
39 61 0
39 62 20
39 63 5
39 64 20
39 65 17
39 66 5
39 67 3
39 68 13
39 69 7
39 70 5
39 71 8
39 72 16
39 73 7
39 74 7
39 75 16
39 76 0
39 77 1
39 78 15
39 79 17
39 80 13
39 81 10
39 82 0
39 83 12
39 84 9
39 85 5
39 86 1
39 87 11
39 88 1
39 89 0
39 90 16
39 91 12
39 92 8
39 93 8
39 94 13
39 95 13
39 96 16
39 97 9
39 98 2
39 99 12
40 0 15
40 1 17
40 2 4
40 3 10
40 4 1
40 5 17
40 6 3
40 7 17
40 8 11
40 9 1
40 10 4
40 11 7
40 12 9
40 13 10
40 14 19
40 15 0
40 16 0
40 17 1
40 18 17
40 19 1
40 20 19
40 21 10
40 22 7
40 23 18
40 24 20
40 25 3
40 26 2
40 27 11
40 28 16
40 29 9
40 30 1
40 31 7
40 32 6
40 33 6
40 34 3
40 35 9
40 36 3
40 37 0
40 38 2
40 39 16
40 40 6
40 41 17
40 42 6
40 43 10
40 44 4
40 45 4
40 46 4
40 47 13
40 48 1
40 49 8
40 50 3
40 51 19
40 52 3
40 53 10
40 54 5
40 55 12
40 56 3
40 57 15
40 58 17
40 59 16
40 60 18
40 61 2
40 62 3
40 63 12
40 64 8
40 65 10
40 66 3
40 67 14
40 68 8
40 69 16
40 70 0
40 71 5
40 72 11
40 73 12
40 74 14
40 75 11
40 76 15
40 77 0
40 78 14
40 79 17
40 80 14
40 81 14
40 82 19
40 83 0
40 84 6
40 85 0
40 86 11
40 87 20
40 88 2
40 89 5
40 90 3
40 91 10
40 92 7
40 93 20
40 94 0
40 95 10
40 96 17
40 97 3
40 98 14
40 99 17
41 0 3
41 1 1
41 2 8
41 3 2
41 4 0
41 5 11
41 6 5
41 7 9
41 8 10
41 9 3
41 10 9
41 11 7
41 12 2
41 13 10
41 14 17
41 15 14
41 16 18
41 17 0
41 18 12
41 19 4
41 20 14
41 21 11
41 22 20
41 23 13
41 24 18
41 25 3
41 26 1
41 27 9
41 28 8
41 29 10
41 30 17
41 31 9
41 32 9
41 33 17
41 34 8
41 35 18
41 36 6
41 37 6
41 38 18
41 39 8
41 40 10
41 41 2
41 42 9
41 43 2
41 44 6
41 45 0
41 46 4
41 47 6
41 48 10
41 49 2
41 50 0
41 51 11
41 52 3
41 53 18
41 54 16
41 55 7
41 56 20
41 57 8
41 58 17
41 59 19
41 60 15
41 61 12
41 62 9
41 63 14
41 64 6
41 65 14
41 66 16
41 67 6
41 68 10
41 69 16
41 70 14
41 71 4
41 72 1
41 73 19
41 74 5
41 75 9
41 76 12
41 77 15
41 78 15
41 79 17
41 80 9
41 81 0
41 82 17
41 83 10
41 84 6
41 85 10
41 86 13
41 87 15
41 88 1
41 89 3
41 90 14
41 91 15
41 92 9
41 93 11
41 94 17
41 95 14
41 96 7
41 97 15
41 98 5
41 99 2
42 0 17
42 1 3
42 2 0
42 3 17
42 4 8
42 5 3
42 6 9
42 7 4
42 8 17
42 9 16
42 10 5
42 11 13
42 12 12
42 13 6
42 14 3
42 15 8
42 16 3
42 17 15
42 18 12
42 19 16
42 20 20
42 21 15
42 22 18
42 23 14
42 24 15
42 25 6
42 26 7
42 27 2
42 28 9
42 29 6
42 30 4
42 31 12
42 32 6
42 33 20
42 34 18
42 35 4
42 36 15
42 37 3
42 38 14
42 39 16
42 40 10
42 41 3
42 42 7
42 43 13
42 44 20
42 45 18
42 46 3
42 47 19
42 48 0
42 49 15
42 50 18
42 51 11
42 52 4
42 53 17
42 54 18
42 55 5
42 56 15
42 57 7
42 58 7
42 59 14
42 60 2
42 61 2
42 62 8
42 63 20
42 64 2
42 65 9
42 66 18
42 67 1
42 68 13
42 69 4
42 70 16
42 71 15
42 72 15
42 73 18
42 74 20
42 75 17
42 76 17
42 77 0
42 78 14
42 79 0
42 80 13
42 81 10
42 82 11
42 83 3
42 84 13
42 85 3
42 86 11
42 87 1
42 88 5
42 89 6
42 90 19
42 91 16
42 92 18
42 93 7
42 94 14
42 95 0
42 96 0
42 97 15
42 98 18
42 99 13
43 0 16
43 1 0
43 2 17
43 3 7
43 4 1
43 5 7
43 6 2
43 7 1
43 8 1
43 9 3
43 10 15
43 11 2
43 12 12
43 13 2
43 14 4
43 15 4
43 16 3
43 17 1
43 18 15
43 19 5
43 20 20
43 21 7
43 22 18
43 23 11
43 24 7
43 25 3
43 26 2
43 27 16
43 28 11
43 29 4
43 30 5
43 31 16
43 32 13
43 33 3
43 34 15
43 35 1
43 36 3
43 37 15
43 38 8
43 39 14
43 40 0
43 41 12
43 42 19
43 43 6
43 44 20
43 45 20
43 46 1
43 47 9
43 48 13
43 49 3
43 50 17
43 51 9
43 52 13
43 53 13
43 54 15
43 55 9
43 56 15
43 57 8
43 58 9
43 59 19
43 60 3
43 61 16
43 62 0
43 63 9
43 64 3
43 65 2
43 66 14
43 67 20
43 68 15
43 69 11
43 70 0
43 71 14
43 72 18
43 73 11
43 74 13
43 75 9
43 76 14
43 77 8
43 78 16
43 79 2
43 80 4
43 81 8
43 82 16
43 83 2
43 84 4
43 85 16
43 86 10
43 87 11
43 88 3
43 89 13
43 90 18
43 91 16
43 92 13
43 93 19
43 94 9
43 95 2
43 96 16
43 97 15
43 98 4
43 99 8
44 0 8
44 1 8
44 2 6
44 3 12
44 4 3
44 5 2
44 6 8
44 7 1
44 8 6
44 9 8
44 10 0
44 11 8
44 12 0
44 13 13
44 14 1
44 15 2
44 16 14
44 17 8
44 18 17
44 19 2
44 20 8
44 21 16
44 22 11
44 23 11
44 24 11
44 25 15
44 26 17
44 27 7
44 28 5
44 29 7
44 30 2
44 31 5
44 32 4
44 33 0
44 34 8
44 35 7
44 36 7
44 37 20
44 38 17
44 39 19
44 40 13
44 41 4
44 42 16
44 43 15
44 44 6
44 45 6
44 46 19
44 47 14
44 48 1
44 49 12
44 50 8
44 51 0
44 52 2
44 53 12
44 54 11
44 55 16
44 56 15
44 57 20
44 58 13
44 59 1
44 60 12
44 61 4
44 62 3
44 63 1
44 64 10
44 65 1
44 66 5
44 67 2
44 68 11
44 69 8
44 70 12
44 71 7
44 72 17
44 73 8
44 74 14
44 75 7
44 76 15
44 77 18
44 78 7
44 79 12
44 80 19
44 81 2
44 82 16
44 83 19
44 84 6
44 85 2
44 86 11
44 87 5
44 88 2
44 89 17
44 90 12
44 91 18
44 92 1
44 93 10
44 94 17
44 95 4
44 96 17
44 97 7
44 98 16
44 99 15
45 0 19
45 1 20
45 2 3
45 3 6
45 4 2
45 5 18
45 6 6
45 7 0
45 8 17
45 9 15
45 10 5
45 11 9
45 12 20
45 13 2
45 14 5
45 15 14
45 16 5
45 17 17
45 18 18
45 19 9
45 20 13
45 21 5
45 22 8
45 23 6
45 24 14
45 25 7
45 26 5
45 27 4
45 28 1
45 29 20
45 30 10
45 31 13
45 32 19
45 33 1
45 34 14
45 35 11
45 36 17
45 37 0
45 38 6
45 39 9
45 40 15
45 41 16
45 42 12
45 43 15
45 44 11
45 45 14
45 46 6
45 47 19
45 48 15
45 49 1
45 50 2
45 51 3
45 52 16
45 53 7
45 54 19
45 55 2
45 56 7
45 57 8
45 58 4
45 59 2
45 60 4
45 61 20
45 62 20
45 63 8
45 64 11
45 65 16
45 66 13
45 67 16
45 68 18
45 69 3
45 70 7
45 71 11
45 72 13
45 73 10
45 74 14
45 75 9
45 76 5
45 77 15
45 78 13
45 79 16
45 80 4
45 81 0
45 82 20
45 83 7
45 84 10
45 85 7
45 86 12
45 87 2
45 88 10
45 89 5
45 90 0
45 91 10
45 92 18
45 93 16
45 94 15
45 95 8
45 96 12
45 97 18
45 98 18
45 99 7
46 0 3
46 1 8
46 2 0
46 3 6
46 4 5
46 5 13
46 6 2
46 7 8
46 8 20
46 9 1
46 10 6
46 11 18
46 12 20
46 13 8
46 14 14
46 15 14
46 16 2
46 17 20
46 18 8
46 19 8
46 20 6
46 21 18
46 22 9
46 23 4
46 24 15
46 25 18
46 26 13
46 27 7
46 28 5
46 29 20
46 30 9
46 31 8
46 32 15
46 33 11
46 34 5
46 35 8
46 36 17
46 37 5
46 38 12
46 39 19
46 40 3
46 41 19
46 42 11
46 43 4
46 44 1
46 45 19
46 46 10
46 47 4
46 48 5
46 49 16
46 50 7
46 51 20
46 52 13
46 53 1
46 54 5
46 55 9
46 56 16
46 57 13
46 58 11
46 59 10
46 60 5
46 61 11
46 62 13
46 63 19
46 64 9
46 65 17
46 66 17
46 67 16
46 68 8
46 69 1
46 70 20
46 71 20
46 72 4
46 73 13
46 74 5
46 75 6
46 76 12
46 77 9
46 78 1
46 79 16
46 80 16
46 81 14
46 82 20
46 83 7
46 84 16
46 85 9
46 86 2
46 87 8
46 88 4
46 89 2
46 90 16
46 91 12
46 92 12
46 93 18
46 94 3
46 95 3
46 96 10
46 97 12
46 98 11
46 99 12
47 0 9
47 1 12
47 2 12
47 3 9
47 4 17
47 5 1
47 6 7
47 7 0
47 8 17
47 9 15
47 10 9
47 11 13
47 12 19
47 13 0
47 14 10
47 15 0
47 16 1
47 17 17
47 18 5
47 19 5
47 20 1
47 21 7
47 22 7
47 23 5
47 24 13
47 25 7
47 26 0
47 27 5
47 28 0
47 29 5
47 30 2
47 31 16
47 32 2
47 33 4
47 34 12
47 35 15
47 36 13
47 37 14
47 38 17
47 39 16
47 40 10
47 41 5
47 42 11
47 43 20
47 44 15
47 45 7
47 46 15
47 47 11
47 48 20
47 49 16
47 50 17
47 51 13
47 52 9
47 53 18
47 54 5
47 55 13
47 56 11
47 57 17
47 58 13
47 59 20
47 60 9
47 61 16
47 62 18
47 63 4
47 64 20
47 65 11
47 66 15
47 67 6
47 68 7
47 69 12
47 70 15
47 71 7
47 72 19
47 73 7
47 74 20
47 75 1
47 76 1
47 77 14
47 78 15
47 79 8
47 80 16
47 81 9
47 82 11
47 83 6
47 84 0
47 85 18
47 86 8
47 87 3
47 88 15
47 89 14
47 90 8
47 91 12
47 92 6
47 93 4
47 94 20
47 95 3
47 96 12
47 97 4
47 98 10
47 99 6
48 0 12
48 1 3
48 2 12
48 3 9
48 4 1
48 5 5
48 6 20
48 7 20
48 8 3
48 9 4
48 10 17
48 11 6
48 12 5
48 13 8
48 14 10
48 15 11
48 16 0
48 17 2
48 18 20
48 19 16
48 20 7
48 21 18
48 22 3
48 23 3
48 24 5
48 25 10
48 26 16
48 27 2
48 28 9
48 29 20
48 30 2
48 31 18
48 32 3
48 33 6
48 34 8
48 35 4
48 36 18
48 37 16
48 38 8
48 39 20
48 40 9
48 41 13
48 42 7
48 43 6
48 44 7
48 45 9
48 46 9
48 47 14
48 48 0
48 49 11
48 50 9
48 51 6
48 52 17
48 53 14
48 54 19
48 55 3
48 56 15
48 57 16
48 58 6
48 59 2
48 60 11
48 61 0
48 62 5
48 63 8
48 64 17
48 65 8
48 66 18
48 67 11
48 68 8
48 69 6
48 70 4
48 71 17
48 72 18
48 73 8
48 74 10
48 75 1
48 76 11
48 77 1
48 78 7
48 79 18
48 80 13
48 81 8
48 82 13
48 83 6
48 84 19
48 85 16
48 86 17
48 87 14
48 88 6
48 89 2
48 90 10
48 91 13
48 92 0
48 93 6
48 94 11
48 95 1
48 96 12
48 97 9
48 98 10
48 99 20
49 0 2
49 1 5
49 2 17
49 3 0
49 4 11
49 5 14
49 6 18
49 7 6
49 8 18
49 9 17
49 10 19
49 11 11
49 12 1
49 13 16
49 14 11
49 15 7
49 16 15
49 17 13
49 18 5
49 19 19
49 20 3
49 21 14
49 22 7
49 23 16
49 24 19
49 25 19
49 26 11
49 27 16
49 28 3
49 29 18
49 30 15
49 31 13
49 32 13
49 33 0
49 34 8
49 35 15
49 36 13
49 37 6
49 38 0
49 39 17
49 40 8
49 41 20
49 42 19
49 43 7
49 44 11
49 45 20
49 46 12
49 47 20
49 48 9
49 49 9
49 50 17
49 51 10
49 52 2
49 53 0
49 54 18
49 55 8
49 56 19
49 57 1
49 58 14
49 59 11
49 60 13
49 61 8
49 62 6
49 63 16
49 64 0
49 65 9
49 66 17
49 67 15
49 68 9
49 69 20
49 70 3
49 71 13
49 72 15
49 73 5
49 74 11
49 75 15
49 76 8
49 77 10
49 78 18
49 79 18
49 80 20
49 81 3
49 82 2
49 83 8
49 84 10
49 85 15
49 86 5
49 87 1
49 88 0
49 89 20
49 90 13
49 91 15
49 92 15
49 93 19
49 94 4
49 95 11
49 96 8
49 97 18
49 98 14
49 99 2
50 0 15
50 1 16
50 2 0
50 3 1
50 4 13
50 5 17
50 6 6
50 7 14
50 8 11
50 9 17
50 10 9
50 11 13
50 12 18
50 13 12
50 14 0
50 15 11
50 16 0
50 17 17
50 18 9
50 19 15
50 20 12
50 21 7
50 22 13
50 23 1
50 24 13
50 25 13
50 26 1
50 27 15
50 28 1
50 29 1
50 30 4
50 31 15
50 32 18
50 33 19
50 34 0
50 35 6
50 36 3
50 37 18
50 38 9
50 39 6
50 40 19
50 41 6
50 42 16
50 43 10
50 44 13
50 45 0
50 46 18
50 47 6
50 48 14
50 49 13
50 50 19
50 51 14
50 52 7
50 53 9
50 54 20
50 55 16
50 56 13
50 57 20
50 58 9
50 59 9
50 60 16
50 61 7
50 62 15
50 63 20
50 64 3
50 65 1
50 66 16
50 67 4
50 68 4
50 69 20
50 70 2
50 71 0
50 72 20
50 73 14
50 74 0
50 75 13
50 76 12
50 77 9
50 78 20
50 79 17
50 80 10
50 81 14
50 82 13
50 83 8
50 84 1
50 85 15
50 86 20
50 87 20
50 88 16
50 89 2
50 90 9
50 91 15
50 92 4
50 93 15
50 94 12
50 95 17
50 96 8
50 97 10
50 98 15
50 99 8
51 0 15
51 1 18
51 2 0
51 3 6
51 4 6
51 5 6
51 6 8
51 7 14
51 8 17
51 9 17
51 10 16
51 11 6
51 12 8
51 13 18
51 14 10
51 15 11
51 16 8
51 17 13
51 18 7
51 19 20
51 20 10
51 21 7
51 22 5
51 23 18
51 24 0
51 25 15
51 26 17
51 27 2
51 28 13
51 29 14
51 30 0
51 31 9
51 32 8
51 33 3
51 34 8
51 35 18
51 36 9
51 37 5
51 38 8
51 39 12
51 40 20
51 41 15
51 42 19
51 43 17
51 44 3
51 45 4
51 46 19
51 47 16
51 48 19
51 49 2
51 50 7
51 51 11
51 52 18
51 53 16
51 54 5
51 55 16
51 56 20
51 57 18
51 58 17
51 59 10
51 60 15
51 61 4
51 62 15
51 63 4
51 64 14
51 65 19
51 66 1
51 67 17
51 68 0
51 69 16
51 70 13
51 71 15
51 72 15
51 73 3
51 74 17
51 75 14
51 76 10
51 77 15
51 78 8
51 79 0
51 80 12
51 81 18
51 82 10
51 83 16
51 84 3
51 85 11
51 86 20
51 87 5
51 88 3
51 89 9
51 90 2
51 91 9
51 92 9
51 93 15
51 94 11
51 95 9
51 96 0
51 97 12
51 98 6
51 99 13
52 0 1
52 1 10
52 2 8
52 3 14
52 4 9
52 5 15
52 6 20
52 7 18
52 8 13
52 9 14
52 10 7
52 11 4
52 12 17
52 13 18
52 14 5
52 15 7
52 16 0
52 17 10
52 18 5
52 19 11
52 20 11
52 21 10
52 22 4
52 23 4
52 24 16
52 25 1
52 26 16
52 27 8
52 28 20
52 29 12
52 30 12
52 31 13
52 32 10
52 33 1
52 34 3
52 35 6
52 36 7
52 37 14
52 38 17
52 39 3
52 40 13
52 41 18
52 42 16
52 43 3
52 44 11
52 45 10
52 46 6
52 47 9
52 48 11
52 49 12
52 50 14
52 51 7
52 52 9
52 53 17
52 54 0
52 55 9
52 56 11
52 57 6
52 58 2
52 59 12
52 60 1
52 61 7
52 62 8
52 63 11
52 64 9
52 65 3
52 66 19
52 67 3
52 68 17
52 69 0
52 70 11
52 71 8
52 72 10
52 73 18
52 74 15
52 75 15
52 76 9
52 77 7
52 78 5
52 79 20
52 80 7
52 81 3
52 82 9
52 83 9
52 84 15
52 85 18
52 86 16
52 87 16
52 88 19
52 89 19
52 90 14
52 91 12
52 92 18
52 93 13
52 94 12
52 95 18
52 96 0
52 97 4
52 98 4
52 99 19
53 0 12
53 1 15
53 2 10
53 3 9
53 4 1
53 5 13
53 6 19
53 7 6
53 8 6
53 9 10
53 10 15
53 11 18
53 12 20
53 13 1
53 14 20
53 15 8
53 16 19
53 17 13
53 18 3
53 19 20
53 20 7
53 21 16
53 22 18
53 23 8
53 24 14
53 25 4
53 26 15
53 27 13
53 28 20
53 29 8
53 30 16
53 31 1
53 32 1
53 33 9
53 34 12
53 35 0
53 36 20
53 37 10
53 38 0
53 39 4
53 40 0
53 41 14
53 42 10
53 43 20
53 44 2
53 45 16
53 46 5
53 47 7
53 48 4
53 49 17
53 50 6
53 51 17
53 52 2
53 53 14
53 54 17
53 55 20
53 56 11
53 57 11
53 58 0
53 59 0
53 60 6
53 61 18
53 62 16
53 63 0
53 64 18
53 65 16
53 66 5
53 67 16
53 68 8
53 69 17
53 70 14
53 71 19
53 72 5
53 73 15
53 74 19
53 75 8
53 76 16
53 77 19
53 78 20
53 79 9
53 80 7
53 81 3
53 82 10
53 83 17
53 84 16
53 85 1
53 86 10
53 87 9
53 88 13
53 89 14
53 90 11
53 91 13
53 92 13
53 93 5
53 94 13
53 95 11
53 96 7
53 97 4
53 98 12
53 99 16
54 0 17
54 1 8
54 2 20
54 3 9
54 4 1
54 5 3
54 6 6
54 7 16
54 8 1
54 9 2
54 10 4
54 11 12
54 12 10
54 13 10
54 14 15
54 15 10
54 16 4
54 17 3
54 18 6
54 19 17
54 20 11
54 21 10
54 22 8
54 23 11
54 24 3
54 25 16
54 26 2
54 27 2
54 28 18
54 29 3
54 30 15
54 31 6
54 32 0
54 33 2
54 34 14
54 35 14
54 36 1
54 37 16
54 38 2
54 39 2
54 40 12
54 41 2
54 42 8
54 43 9
54 44 7
54 45 14
54 46 19
54 47 14
54 48 17
54 49 15
54 50 12
54 51 15
54 52 10
54 53 12
54 54 19
54 55 16
54 56 11
54 57 3
54 58 8
54 59 18
54 60 5
54 61 8
54 62 12
54 63 15
54 64 15
54 65 2
54 66 20
54 67 3
54 68 12
54 69 0
54 70 13
54 71 5
54 72 12
54 73 5
54 74 9
54 75 18
54 76 9
54 77 4
54 78 15
54 79 18
54 80 11
54 81 5
54 82 6
54 83 2
54 84 3
54 85 5
54 86 9
54 87 9
54 88 2
54 89 9
54 90 0
54 91 17
54 92 17
54 93 11
54 94 4
54 95 7
54 96 4
54 97 17
54 98 15
54 99 11
55 0 14
55 1 19
55 2 6
55 3 16
55 4 9
55 5 3
55 6 11
55 7 9
55 8 5
55 9 2
55 10 6
55 11 0
55 12 4
55 13 4
55 14 8
55 15 6
55 16 2
55 17 3
55 18 19
55 19 20
55 20 6
55 21 5
55 22 9
55 23 6
55 24 3
55 25 18
55 26 5
55 27 3
55 28 2
55 29 5
55 30 5
55 31 4
55 32 3
55 33 2
55 34 15
55 35 18
55 36 17
55 37 1
55 38 8
55 39 3
55 40 11
55 41 4
55 42 0
55 43 19
55 44 3
55 45 4
55 46 2
55 47 9
55 48 10
55 49 1
55 50 17
55 51 7
55 52 3
55 53 11
55 54 6
55 55 15
55 56 4
55 57 18
55 58 13
55 59 12
55 60 1
55 61 18
55 62 18
55 63 18
55 64 16
55 65 15
55 66 12
55 67 17
55 68 2
55 69 12
55 70 15
55 71 13
55 72 19
55 73 0
55 74 10
55 75 7
55 76 2
55 77 10
55 78 11
55 79 10
55 80 1
55 81 11
55 82 16
55 83 3
55 84 1
55 85 3
55 86 16
55 87 9
55 88 1
55 89 7
55 90 15
55 91 19
55 92 4
55 93 4
55 94 12
55 95 8
55 96 11
55 97 8
55 98 20
55 99 4
56 0 13
56 1 9
56 2 0
56 3 20
56 4 15
56 5 20
56 6 18
56 7 10
56 8 13
56 9 5
56 10 18
56 11 1
56 12 11
56 13 9
56 14 0
56 15 20
56 16 16
56 17 12
56 18 1
56 19 16
56 20 6
56 21 16
56 22 6
56 23 11
56 24 20
56 25 16
56 26 15
56 27 19
56 28 16
56 29 18
56 30 11
56 31 12
56 32 14
56 33 7
56 34 11
56 35 15
56 36 5
56 37 8
56 38 7
56 39 17
56 40 0
56 41 0
56 42 4
56 43 4
56 44 16
56 45 14
56 46 17
56 47 20
56 48 4
56 49 11
56 50 17
56 51 2
56 52 5
56 53 10
56 54 5
56 55 16
56 56 11
56 57 6
56 58 5
56 59 5
56 60 0
56 61 17
56 62 13
56 63 6
56 64 13
56 65 13
56 66 9
56 67 5
56 68 1
56 69 11
56 70 4
56 71 5
56 72 6
56 73 12
56 74 19
56 75 11
56 76 6
56 77 5
56 78 20
56 79 13
56 80 4
56 81 18
56 82 8
56 83 5
56 84 0
56 85 12
56 86 4
56 87 12
56 88 11
56 89 7
56 90 2
56 91 13
56 92 0
56 93 13
56 94 12
56 95 9
56 96 4
56 97 6
56 98 11
56 99 4
57 0 15
57 1 9
57 2 2
57 3 19
57 4 5
57 5 13
57 6 11
57 7 17
57 8 5
57 9 19
57 10 9
57 11 8
57 12 12
57 13 3
57 14 12
57 15 20
57 16 2
57 17 3
57 18 2
57 19 2
57 20 14
57 21 12
57 22 5
57 23 10
57 24 19
57 25 2
57 26 19
57 27 4
57 28 3
57 29 17
57 30 9
57 31 2
57 32 4
57 33 0
57 34 10
57 35 17
57 36 17
57 37 12
57 38 10
57 39 12
57 40 1
57 41 20
57 42 5
57 43 19
57 44 8
57 45 12
57 46 11
57 47 11
57 48 19
57 49 7
57 50 1
57 51 0
57 52 5
57 53 17
57 54 2
57 55 9
57 56 19
57 57 10
57 58 4
57 59 3
57 60 11
57 61 11
57 62 14
57 63 2
57 64 7
57 65 2
57 66 9
57 67 9
57 68 11
57 69 18
57 70 19
57 71 3
57 72 8
57 73 12
57 74 17
57 75 7
57 76 20
57 77 5
57 78 14
57 79 9
57 80 8
57 81 9
57 82 15
57 83 6
57 84 9
57 85 2
57 86 4
57 87 2
57 88 14
57 89 15
57 90 2
57 91 11
57 92 15
57 93 11
57 94 1
57 95 7
57 96 9
57 97 3
57 98 14
57 99 12
58 0 4
58 1 16
58 2 16
58 3 6
58 4 11
58 5 3
58 6 8
58 7 2
58 8 0
58 9 12
58 10 6
58 11 11
58 12 1
58 13 15
58 14 4
58 15 9
58 16 9
58 17 11
58 18 6
58 19 12
58 20 14
58 21 1
58 22 12
58 23 3
58 24 10
58 25 2
58 26 20
58 27 9
58 28 10
58 29 8
58 30 12
58 31 14
58 32 12
58 33 10
58 34 9
58 35 17
58 36 7
58 37 7
58 38 1
58 39 4
58 40 5
58 41 0
58 42 17
58 43 20
58 44 15
58 45 11
58 46 19
58 47 11
58 48 9
58 49 20
58 50 7
58 51 6
58 52 17
58 53 17
58 54 2
58 55 1
58 56 19
58 57 3
58 58 6
58 59 14
58 60 10
58 61 7
58 62 8
58 63 18
58 64 6
58 65 11
58 66 6
58 67 20
58 68 1
58 69 20
58 70 0
58 71 10
58 72 7
58 73 11
58 74 1
58 75 1
58 76 16
58 77 17
58 78 16
58 79 17
58 80 11
58 81 10
58 82 20
58 83 0
58 84 18
58 85 16
58 86 8
58 87 14
58 88 8
58 89 3
58 90 2
58 91 8
58 92 16
58 93 15
58 94 3
58 95 2
58 96 7
58 97 10
58 98 2
58 99 11
59 0 7
59 1 19
59 2 9
59 3 6
59 4 9
59 5 11
59 6 11
59 7 19
59 8 2
59 9 18
59 10 11
59 11 0
59 12 10
59 13 7
59 14 15
59 15 11
59 16 20
59 17 5
59 18 5
59 19 7
59 20 10
59 21 3
59 22 2
59 23 12
59 24 5
59 25 0
59 26 1
59 27 18
59 28 4
59 29 4
59 30 0
59 31 15
59 32 14
59 33 8
59 34 14
59 35 17
59 36 2
59 37 19
59 38 6
59 39 2
59 40 1
59 41 10
59 42 5
59 43 12
59 44 8
59 45 18
59 46 9
59 47 13
59 48 7
59 49 18
59 50 6
59 51 8
59 52 15
59 53 14
59 54 16
59 55 4
59 56 2
59 57 16
59 58 10
59 59 9
59 60 15
59 61 17
59 62 12
59 63 11
59 64 17
59 65 10
59 66 1
59 67 14
59 68 14
59 69 16
59 70 5
59 71 7
59 72 14
59 73 14
59 74 4
59 75 16
59 76 20
59 77 18
59 78 15
59 79 18
59 80 8
59 81 5
59 82 18
59 83 20
59 84 3
59 85 5
59 86 16
59 87 18
59 88 17
59 89 5
59 90 10
59 91 4
59 92 7
59 93 12
59 94 5
59 95 7
59 96 8
59 97 18
59 98 17
59 99 7
60 0 4
60 1 10
60 2 4
60 3 11
60 4 2
60 5 5
60 6 16
60 7 12
60 8 14
60 9 0
60 10 13
60 11 10
60 12 12
60 13 4
60 14 2
60 15 7
60 16 9
60 17 17
60 18 7
60 19 3
60 20 8
60 21 11
60 22 9
60 23 6
60 24 16
60 25 16
60 26 7
60 27 19
60 28 0
60 29 16
60 30 19
60 31 3
60 32 7
60 33 7
60 34 0
60 35 5
60 36 8
60 37 5
60 38 14
60 39 11
60 40 8
60 41 12
60 42 17
60 43 10
60 44 6
60 45 16
60 46 18
60 47 19
60 48 16
60 49 9
60 50 13
60 51 11
60 52 8
60 53 20
60 54 18
60 55 11
60 56 8
60 57 18
60 58 18
60 59 9
60 60 18
60 61 10
60 62 15
60 63 20
60 64 6
60 65 5
60 66 17
60 67 11
60 68 18
60 69 14
60 70 3
60 71 12
60 72 20
60 73 9
60 74 15
60 75 7
60 76 16
60 77 17
60 78 1
60 79 3
60 80 5
60 81 7
60 82 17
60 83 16
60 84 2
60 85 7
60 86 10
60 87 16
60 88 11
60 89 18
60 90 2
60 91 4
60 92 18
60 93 15
60 94 7
60 95 13
60 96 19
60 97 15
60 98 15
60 99 7
61 0 14
61 1 12
61 2 10
61 3 1
61 4 20
61 5 10
61 6 16
61 7 19
61 8 16
61 9 20
61 10 14
61 11 8
61 12 15
61 13 15
61 14 1
61 15 6
61 16 15
61 17 16
61 18 18
61 19 5
61 20 19
61 21 3
61 22 8
61 23 14
61 24 5
61 25 4
61 26 20
61 27 4
61 28 9
61 29 8
61 30 15
61 31 6
61 32 19
61 33 15
61 34 11
61 35 2
61 36 7
61 37 5
61 38 15
61 39 13
61 40 6
61 41 19
61 42 0
61 43 14
61 44 0
61 45 2
61 46 2
61 47 7
61 48 9
61 49 12
61 50 18
61 51 5
61 52 8
61 53 6
61 54 20
61 55 18
61 56 7
61 57 13
61 58 14
61 59 9
61 60 19
61 61 4
61 62 16
61 63 2
61 64 2
61 65 18
61 66 17
61 67 11
61 68 14
61 69 20
61 70 12
61 71 19
61 72 17
61 73 6
61 74 8
61 75 16
61 76 12
61 77 6
61 78 9
61 79 8
61 80 14
61 81 12
61 82 2
61 83 10
61 84 13
61 85 17
61 86 5
61 87 3
61 88 13
61 89 7
61 90 13
61 91 15
61 92 15
61 93 11
61 94 2
61 95 12
61 96 15
61 97 6
61 98 15
61 99 14
62 0 14
62 1 12
62 2 11
62 3 2
62 4 5
62 5 10
62 6 15
62 7 4
62 8 17
62 9 0
62 10 18
62 11 5
62 12 9
62 13 4
62 14 10
62 15 16
62 16 10
62 17 13
62 18 16
62 19 1
62 20 2
62 21 3
62 22 5
62 23 1
62 24 12
62 25 17
62 26 3
62 27 2
62 28 2
62 29 3
62 30 1
62 31 2
62 32 14
62 33 4
62 34 6
62 35 9
62 36 7
62 37 5
62 38 15
62 39 3
62 40 19
62 41 1
62 42 0
62 43 14
62 44 2
62 45 16
62 46 4
62 47 14
62 48 4
62 49 13
62 50 18
62 51 4
62 52 18
62 53 8
62 54 8
62 55 11
62 56 14
62 57 20
62 58 2
62 59 10
62 60 1
62 61 12
62 62 0
62 63 14
62 64 17
62 65 12
62 66 17
62 67 5
62 68 7
62 69 15
62 70 15
62 71 1
62 72 11
62 73 5
62 74 5
62 75 8
62 76 9
62 77 19
62 78 10
62 79 16
62 80 11
62 81 7
62 82 1
62 83 16
62 84 18
62 85 3
62 86 0
62 87 3
62 88 17
62 89 12
62 90 11
62 91 6
62 92 17
62 93 19
62 94 8
62 95 0
62 96 5
62 97 10
62 98 6
62 99 20
63 0 10
63 1 1
63 2 4
63 3 17
63 4 13
63 5 2
63 6 13
63 7 7
63 8 16
63 9 11
63 10 19
63 11 7
63 12 6
63 13 18
63 14 15
63 15 12
63 16 10
63 17 8
63 18 18
63 19 16
63 20 13
63 21 0
63 22 19
63 23 19
63 24 6
63 25 18
63 26 17
63 27 4
63 28 0
63 29 10
63 30 11
63 31 18
63 32 9
63 33 7
63 34 1
63 35 20
63 36 9
63 37 18
63 38 15
63 39 8
63 40 2
63 41 0
63 42 12
63 43 3
63 44 12
63 45 14
63 46 15
63 47 6
63 48 17
63 49 3
63 50 7
63 51 4
63 52 1
63 53 10
63 54 10
63 55 4
63 56 4
63 57 9
63 58 19
63 59 2
63 60 2
63 61 16
63 62 16
63 63 14
63 64 19
63 65 12
63 66 12
63 67 14
63 68 10
63 69 7
63 70 18
63 71 19
63 72 20
63 73 9
63 74 20
63 75 20
63 76 4
63 77 9
63 78 14
63 79 20
63 80 18
63 81 6
63 82 9
63 83 10
63 84 4
63 85 3
63 86 2
63 87 3
63 88 11
63 89 0
63 90 16
63 91 3
63 92 2
63 93 0
63 94 10
63 95 3
63 96 14
63 97 11
63 98 20
63 99 13
64 0 15
64 1 0
64 2 2
64 3 13
64 4 16
64 5 0
64 6 20
64 7 1
64 8 12
64 9 1
64 10 9
64 11 10
64 12 7
64 13 0
64 14 1
64 15 20
64 16 18
64 17 6
64 18 18
64 19 12
64 20 11
64 21 13
64 22 1
64 23 7
64 24 12
64 25 12
64 26 19
64 27 11
64 28 6
64 29 5
64 30 12
64 31 16
64 32 10
64 33 0
64 34 5
64 35 14
64 36 18
64 37 1
64 38 19
64 39 15
64 40 12
64 41 13
64 42 18
64 43 15
64 44 0
64 45 11
64 46 1
64 47 10
64 48 19
64 49 12
64 50 17
64 51 7
64 52 0
64 53 3
64 54 16
64 55 1
64 56 14
64 57 17
64 58 3
64 59 11
64 60 13
64 61 6
64 62 18
64 63 3
64 64 0
64 65 18
64 66 7
64 67 18
64 68 9
64 69 20
64 70 9
64 71 4
64 72 12
64 73 20
64 74 6
64 75 6
64 76 20
64 77 18
64 78 8
64 79 17
64 80 13
64 81 10
64 82 2
64 83 16
64 84 15
64 85 12
64 86 20
64 87 10
64 88 5
64 89 14
64 90 15
64 91 9
64 92 5
64 93 19
64 94 1
64 95 4
64 96 9
64 97 15
64 98 1
64 99 4
65 0 16
65 1 6
65 2 19
65 3 4
65 4 8
65 5 5
65 6 10
65 7 3
65 8 8
65 9 1
65 10 9
65 11 12
65 12 4
65 13 19
65 14 15
65 15 16
65 16 7
65 17 6
65 18 3
65 19 7
65 20 0
65 21 10
65 22 5
65 23 7
65 24 19
65 25 11
65 26 12
65 27 18
65 28 12
65 29 0
65 30 8
65 31 11
65 32 13
65 33 5
65 34 13
65 35 19
65 36 11
65 37 13
65 38 2
65 39 8
65 40 7
65 41 11
65 42 2
65 43 15
65 44 12
65 45 6
65 46 10
65 47 14
65 48 10
65 49 1
65 50 3
65 51 2
65 52 8
65 53 6
65 54 6
65 55 1
65 56 2
65 57 4
65 58 10
65 59 1
65 60 10
65 61 9
65 62 4
65 63 19
65 64 3
65 65 8
65 66 3
65 67 20
65 68 18
65 69 12
65 70 9
65 71 12
65 72 15
65 73 20
65 74 12
65 75 3
65 76 10
65 77 6
65 78 1
65 79 3
65 80 0
65 81 18
65 82 1
65 83 5
65 84 4
65 85 20
65 86 18
65 87 9
65 88 14
65 89 13
65 90 7
65 91 16
65 92 15
65 93 14
65 94 5
65 95 15
65 96 11
65 97 18
65 98 7
65 99 1
66 0 11
66 1 12
66 2 16
66 3 11
66 4 19
66 5 5
66 6 2
66 7 7
66 8 12
66 9 3
66 10 19
66 11 11
66 12 8
66 13 13
66 14 12
66 15 5
66 16 16
66 17 9
66 18 3
66 19 18
66 20 6
66 21 12
66 22 3
66 23 20
66 24 1
66 25 15
66 26 1
66 27 4
66 28 7
66 29 8
66 30 8
66 31 8
66 32 9
66 33 18
66 34 18
66 35 2
66 36 0
66 37 20
66 38 19
66 39 7
66 40 13
66 41 9
66 42 3
66 43 11
66 44 0
66 45 7
66 46 3
66 47 4
66 48 7
66 49 15
66 50 13
66 51 18
66 52 3
66 53 18
66 54 9
66 55 16
66 56 4
66 57 4
66 58 19
66 59 9
66 60 7
66 61 16
66 62 13
66 63 16
66 64 2
66 65 12
66 66 7
66 67 17
66 68 20
66 69 10
66 70 17
66 71 18
66 72 1
66 73 15
66 74 18
66 75 16
66 76 8
66 77 12
66 78 3
66 79 9
66 80 18
66 81 8
66 82 5
66 83 5
66 84 6
66 85 4
66 86 9
66 87 13
66 88 13
66 89 5
66 90 2
66 91 13
66 92 19
66 93 20
66 94 8
66 95 5
66 96 0
66 97 9
66 98 17
66 99 12
67 0 17
67 1 11
67 2 9
67 3 12
67 4 4
67 5 1
67 6 20
67 7 19
67 8 4
67 9 19
67 10 0
67 11 16
67 12 6
67 13 11
67 14 12
67 15 9
67 16 18
67 17 4
67 18 5
67 19 2
67 20 8
67 21 19
67 22 0
67 23 13
67 24 5
67 25 1
67 26 20
67 27 7
67 28 2
67 29 10
67 30 10
67 31 9
67 32 12
67 33 14
67 34 17
67 35 20
67 36 20
67 37 9
67 38 3
67 39 4
67 40 17
67 41 15
67 42 9
67 43 13
67 44 6
67 45 7
67 46 4
67 47 7
67 48 15
67 49 10
67 50 9
67 51 13
67 52 9
67 53 12
67 54 12
67 55 13
67 56 10
67 57 0
67 58 7
67 59 6
67 60 17
67 61 12
67 62 14
67 63 6
67 64 17
67 65 4
67 66 7
67 67 13
67 68 5
67 69 15
67 70 19
67 71 15
67 72 10
67 73 8
67 74 2
67 75 17
67 76 14
67 77 4
67 78 11
67 79 14
67 80 0
67 81 5
67 82 14
67 83 9
67 84 1
67 85 5
67 86 5
67 87 19
67 88 18
67 89 8
67 90 5
67 91 17
67 92 20
67 93 4
67 94 0
67 95 9
67 96 0
67 97 7
67 98 14
67 99 3
68 0 0
68 1 2
68 2 14
68 3 9
68 4 19
68 5 4
68 6 4
68 7 8
68 8 6
68 9 10
68 10 17
68 11 3
68 12 18
68 13 17
68 14 14
68 15 4
68 16 5
68 17 20
68 18 11
68 19 6
68 20 12
68 21 0
68 22 11
68 23 7
68 24 7
68 25 6
68 26 10
68 27 13
68 28 10
68 29 12
68 30 2
68 31 17
68 32 3
68 33 14
68 34 18
68 35 2
68 36 15
68 37 19
68 38 14
68 39 6
68 40 16
68 41 16
68 42 11
68 43 8
68 44 11
68 45 17
68 46 4
68 47 19
68 48 1
68 49 6
68 50 17
68 51 19
68 52 19
68 53 7
68 54 16
68 55 3
68 56 19
68 57 4
68 58 13
68 59 8
68 60 12
68 61 19
68 62 16
68 63 16
68 64 13
68 65 6
68 66 8
68 67 11
68 68 7
68 69 2
68 70 12
68 71 15
68 72 14
68 73 0
68 74 17
68 75 13
68 76 8
68 77 12
68 78 20
68 79 2
68 80 2
68 81 16
68 82 13
68 83 9
68 84 2
68 85 13
68 86 11
68 87 7
68 88 11
68 89 13
68 90 7
68 91 20
68 92 16
68 93 15
68 94 7
68 95 5
68 96 9
68 97 12
68 98 7
68 99 19
69 0 11
69 1 11
69 2 8
69 3 7
69 4 4
69 5 11
69 6 16
69 7 20
69 8 5
69 9 2
69 10 7
69 11 1
69 12 0
69 13 8
69 14 18
69 15 2
69 16 7
69 17 12
69 18 2
69 19 13
69 20 13
69 21 18
69 22 0
69 23 12
69 24 15
69 25 10
69 26 16
69 27 17
69 28 3
69 29 17
69 30 11
69 31 10
69 32 15
69 33 13
69 34 2
69 35 19
69 36 15
69 37 2
69 38 13
69 39 4
69 40 9
69 41 12
69 42 9
69 43 15
69 44 13
69 45 13
69 46 5
69 47 14
69 48 1
69 49 3
69 50 8
69 51 2
69 52 10
69 53 12
69 54 16
69 55 17
69 56 6
69 57 0
69 58 15
69 59 14
69 60 0
69 61 16
69 62 3
69 63 6
69 64 14
69 65 8
69 66 8
69 67 19
69 68 9
69 69 20
69 70 6
69 71 11
69 72 16
69 73 0
69 74 20
69 75 11
69 76 2
69 77 9
69 78 13
69 79 2
69 80 1
69 81 3
69 82 8
69 83 4
69 84 14
69 85 15
69 86 17
69 87 11
69 88 4
69 89 5
69 90 0
69 91 5
69 92 5
69 93 4
69 94 5
69 95 6
69 96 12
69 97 3
69 98 10
69 99 0
70 0 0
70 1 18
70 2 2
70 3 12
70 4 17
70 5 17
70 6 11
70 7 9
70 8 18
70 9 10
70 10 1
70 11 19
70 12 15
70 13 1
70 14 18
70 15 5
70 16 7
70 17 1
70 18 5
70 19 11
70 20 3
70 21 9
70 22 16
70 23 0
70 24 0
70 25 6
70 26 9
70 27 6
70 28 3
70 29 0
70 30 10
70 31 13
70 32 18
70 33 18
70 34 9
70 35 19
70 36 9
70 37 1
70 38 7
70 39 5
70 40 7
70 41 5
70 42 12
70 43 15
70 44 19
70 45 14
70 46 3
70 47 8
70 48 3
70 49 11
70 50 16
70 51 11
70 52 20
70 53 20
70 54 14
70 55 11
70 56 4
70 57 7
70 58 10
70 59 10
70 60 8
70 61 12
70 62 4
70 63 13
70 64 7
70 65 19
70 66 15
70 67 16
70 68 9
70 69 1
70 70 14
70 71 1
70 72 16
70 73 6
70 74 14
70 75 6
70 76 2
70 77 4
70 78 15
70 79 4
70 80 6
70 81 10
70 82 12
70 83 11
70 84 7
70 85 13
70 86 0
70 87 14
70 88 18
70 89 10
70 90 5
70 91 13
70 92 12
70 93 10
70 94 2
70 95 12
70 96 13
70 97 9
70 98 8
70 99 18
71 0 6
71 1 8
71 2 6
71 3 18
71 4 19
71 5 11
71 6 13
71 7 20
71 8 6
71 9 12
71 10 13
71 11 11
71 12 20
71 13 8
71 14 12
71 15 0
71 16 3
71 17 15
71 18 0
71 19 0
71 20 17
71 21 13
71 22 13
71 23 15
71 24 4
71 25 11
71 26 19
71 27 16
71 28 17
71 29 18
71 30 17
71 31 10
71 32 8
71 33 20
71 34 7
71 35 17
71 36 4
71 37 5
71 38 10
71 39 11
71 40 10
71 41 6
71 42 15
71 43 12
71 44 1
71 45 20
71 46 2
71 47 10
71 48 14
71 49 5
71 50 1
71 51 7
71 52 10
71 53 11
71 54 5
71 55 13
71 56 4
71 57 4
71 58 11
71 59 3
71 60 18
71 61 2
71 62 16
71 63 2
71 64 13
71 65 10
71 66 5
71 67 9
71 68 10
71 69 1
71 70 19
71 71 16
71 72 3
71 73 2
71 74 3
71 75 5
71 76 17
71 77 12
71 78 3
71 79 0
71 80 17
71 81 16
71 82 13
71 83 10
71 84 17
71 85 17
71 86 6
71 87 14
71 88 9
71 89 9
71 90 15
71 91 16
71 92 8
71 93 7
71 94 14
71 95 3
71 96 13
71 97 15
71 98 10
71 99 17
72 0 7
72 1 12
72 2 10
72 3 3
72 4 7
72 5 20
72 6 4
72 7 6
72 8 20
72 9 6
72 10 16
72 11 8
72 12 11
72 13 19
72 14 18
72 15 15
72 16 2
72 17 20
72 18 7
72 19 14
72 20 1
72 21 3
72 22 2
72 23 12
72 24 7
72 25 16
72 26 16
72 27 8
72 28 3
72 29 8
72 30 1
72 31 6
72 32 8
72 33 11
72 34 20
72 35 14
72 36 14
72 37 14
72 38 14
72 39 3
72 40 5
72 41 10
72 42 20
72 43 5
72 44 6
72 45 8
72 46 5
72 47 6
72 48 1
72 49 18
72 50 14
72 51 6
72 52 9
72 53 0
72 54 1
72 55 9
72 56 18
72 57 8
72 58 4
72 59 1
72 60 1
72 61 16
72 62 14
72 63 16
72 64 20
72 65 11
72 66 12
72 67 17
72 68 11
72 69 18
72 70 1
72 71 11
72 72 6
72 73 12
72 74 12
72 75 14
72 76 17
72 77 15
72 78 4
72 79 9
72 80 1
72 81 12
72 82 14
72 83 9
72 84 10
72 85 7
72 86 2
72 87 4
72 88 9
72 89 10
72 90 4
72 91 19
72 92 19
72 93 9
72 94 2
72 95 9
72 96 6
72 97 4
72 98 6
72 99 5
73 0 6
73 1 5
73 2 16
73 3 3
73 4 20
73 5 15
73 6 9
73 7 13
73 8 15
73 9 0
73 10 18
73 11 16
73 12 14
73 13 20
73 14 20
73 15 1
73 16 6
73 17 0
73 18 7
73 19 0
73 20 1
73 21 13
73 22 9
73 23 11
73 24 8
73 25 1
73 26 5
73 27 6
73 28 8
73 29 0
73 30 4
73 31 18
73 32 6
73 33 4
73 34 8
73 35 16
73 36 15
73 37 5
73 38 20
73 39 2
73 40 5
73 41 14
73 42 0
73 43 7
73 44 12
73 45 15
73 46 5
73 47 12
73 48 2
73 49 17
73 50 1
73 51 16
73 52 7
73 53 2
73 54 9
73 55 18
73 56 9
73 57 2
73 58 0
73 59 17
73 60 18
73 61 5
73 62 11
73 63 12
73 64 4
73 65 13
73 66 11
73 67 19
73 68 5
73 69 17
73 70 14
73 71 13
73 72 13
73 73 19
73 74 11
73 75 11
73 76 13
73 77 6
73 78 7
73 79 2
73 80 3
73 81 16
73 82 9
73 83 12
73 84 17
73 85 18
73 86 11
73 87 15
73 88 3
73 89 11
73 90 6
73 91 15
73 92 2
73 93 1
73 94 10
73 95 8
73 96 0
73 97 13
73 98 19
73 99 3
74 0 4
74 1 4
74 2 13
74 3 20
74 4 0
74 5 15
74 6 3
74 7 15
74 8 0
74 9 9
74 10 20
74 11 18
74 12 9
74 13 7
74 14 1
74 15 9
74 16 8
74 17 1
74 18 8
74 19 5
74 20 12
74 21 0
74 22 20
74 23 2
74 24 13
74 25 11
74 26 3
74 27 17
74 28 13
74 29 2
74 30 9
74 31 14
74 32 5
74 33 7
74 34 1
74 35 15
74 36 4
74 37 14
74 38 19
74 39 3
74 40 17
74 41 19
74 42 11
74 43 18
74 44 15
74 45 9
74 46 11
74 47 4
74 48 9
74 49 9
74 50 6
74 51 7
74 52 2
74 53 4
74 54 16
74 55 9
74 56 14
74 57 11
74 58 17
74 59 0
74 60 6
74 61 16
74 62 16
74 63 17
74 64 11
74 65 8
74 66 8
74 67 16
74 68 6
74 69 3
74 70 11
74 71 13
74 72 20
74 73 2
74 74 20
74 75 0
74 76 13
74 77 10
74 78 11
74 79 2
74 80 0
74 81 20
74 82 0
74 83 18
74 84 2
74 85 16
74 86 12
74 87 10
74 88 15
74 89 19
74 90 1
74 91 12
74 92 8
74 93 10
74 94 16
74 95 18
74 96 19
74 97 13
74 98 0
74 99 12
75 0 13
75 1 3
75 2 20
75 3 11
75 4 17
75 5 6
75 6 15
75 7 8
75 8 12
75 9 3
75 10 18
75 11 2
75 12 20
75 13 3
75 14 4
75 15 16
75 16 19
75 17 8
75 18 8
75 19 17
75 20 6
75 21 5
75 22 2
75 23 12
75 24 4
75 25 2
75 26 11
75 27 14
75 28 17
75 29 4
75 30 3
75 31 6
75 32 6
75 33 4
75 34 14
75 35 13
75 36 20
75 37 9
75 38 19
75 39 10
75 40 1
75 41 14
75 42 3
75 43 8
75 44 14
75 45 5
75 46 5
75 47 5
75 48 11
75 49 17
75 50 15
75 51 9
75 52 6
75 53 19
75 54 20
75 55 12
75 56 12
75 57 9
75 58 9
75 59 5
75 60 6
75 61 6
75 62 5
75 63 8
75 64 19
75 65 0
75 66 16
75 67 0
75 68 8
75 69 3
75 70 1
75 71 19
75 72 11
75 73 17
75 74 0
75 75 10
75 76 14
75 77 17
75 78 10
75 79 4
75 80 6
75 81 13
75 82 1
75 83 2
75 84 20
75 85 4
75 86 15
75 87 0
75 88 19
75 89 2
75 90 11
75 91 12
75 92 1
75 93 5
75 94 5
75 95 20
75 96 0
75 97 6
75 98 3
75 99 5
76 0 11
76 1 18
76 2 2
76 3 8
76 4 2
76 5 10
76 6 15
76 7 9
76 8 2
76 9 4
76 10 13
76 11 10
76 12 19
76 13 8
76 14 2
76 15 19
76 16 20
76 17 11
76 18 13
76 19 15
76 20 6
76 21 0
76 22 13
76 23 0
76 24 9
76 25 16
76 26 16
76 27 9
76 28 7
76 29 9
76 30 18
76 31 11
76 32 9
76 33 3
76 34 12
76 35 0
76 36 5
76 37 4
76 38 12
76 39 15
76 40 15
76 41 0
76 42 2
76 43 6
76 44 16
76 45 16
76 46 10
76 47 2
76 48 2
76 49 11
76 50 6
76 51 15
76 52 3
76 53 9
76 54 14
76 55 4
76 56 3
76 57 12
76 58 12
76 59 6
76 60 0
76 61 3
76 62 7
76 63 18
76 64 10
76 65 9
76 66 2
76 67 18
76 68 10
76 69 8
76 70 9
76 71 14
76 72 11
76 73 18
76 74 13
76 75 3
76 76 5
76 77 10
76 78 8
76 79 9
76 80 1
76 81 20
76 82 15
76 83 10
76 84 19
76 85 1
76 86 16
76 87 3
76 88 9
76 89 1
76 90 9
76 91 13
76 92 15
76 93 7
76 94 7
76 95 0
76 96 2
76 97 13
76 98 2
76 99 20
77 0 11
77 1 11
77 2 12
77 3 13
77 4 12
77 5 3
77 6 12
77 7 14
77 8 16
77 9 6
77 10 12
77 11 10
77 12 9
77 13 14
77 14 9
77 15 10
77 16 12
77 17 7
77 18 2
77 19 16
77 20 18
77 21 13
77 22 16
77 23 7
77 24 3
77 25 17
77 26 16
77 27 8
77 28 7
77 29 1
77 30 16
77 31 4
77 32 15
77 33 14
77 34 6
77 35 4
77 36 2
77 37 4
77 38 9
77 39 8
77 40 0
77 41 10
77 42 16
77 43 4
77 44 11
77 45 13
77 46 8
77 47 19
77 48 0
77 49 11
77 50 5
77 51 4
77 52 15
77 53 1
77 54 15
77 55 9
77 56 20
77 57 3
77 58 1
77 59 16
77 60 15
77 61 15
77 62 0
77 63 2
77 64 7
77 65 14
77 66 2
77 67 20
77 68 18
77 69 12
77 70 15
77 71 15
77 72 2
77 73 11
77 74 9
77 75 20
77 76 11
77 77 0
77 78 14
77 79 10
77 80 14
77 81 17
77 82 14
77 83 14
77 84 11
77 85 9
77 86 14
77 87 4
77 88 6
77 89 10
77 90 6
77 91 18
77 92 8
77 93 13
77 94 1
77 95 5
77 96 4
77 97 9
77 98 17
77 99 5
78 0 15
78 1 0
78 2 18
78 3 13
78 4 11
78 5 16
78 6 20
78 7 9
78 8 17
78 9 7
78 10 14
78 11 16
78 12 18
78 13 2
78 14 13
78 15 2
78 16 10
78 17 17
78 18 6
78 19 1
78 20 15
78 21 17
78 22 2
78 23 16
78 24 13
78 25 1
78 26 16
78 27 14
78 28 6
78 29 3
78 30 20
78 31 6
78 32 15
78 33 0
78 34 19
78 35 5
78 36 5
78 37 11
78 38 13
78 39 7
78 40 19
78 41 19
78 42 10
78 43 10
78 44 19
78 45 18
78 46 18
78 47 11
78 48 19
78 49 5
78 50 1
78 51 13
78 52 20
78 53 10
78 54 18
78 55 11
78 56 6
78 57 18
78 58 3
78 59 0
78 60 7
78 61 6
78 62 0
78 63 16
78 64 12
78 65 14
78 66 7
78 67 6
78 68 12
78 69 14
78 70 4
78 71 8
78 72 4
78 73 9
78 74 18
78 75 13
78 76 1
78 77 7
78 78 15
78 79 9
78 80 18
78 81 20
78 82 12
78 83 3
78 84 9
78 85 11
78 86 13
78 87 5
78 88 19
78 89 17
78 90 19
78 91 9
78 92 19
78 93 6
78 94 1
78 95 19
78 96 10
78 97 14
78 98 13
78 99 3
79 0 20
79 1 19
79 2 12
79 3 18
79 4 10
79 5 4
79 6 20
79 7 9
79 8 12
79 9 20
79 10 18
79 11 19
79 12 11
79 13 8
79 14 12
79 15 14
79 16 15
79 17 12
79 18 4
79 19 9
79 20 17
79 21 13
79 22 14
79 23 14
79 24 20
79 25 4
79 26 0
79 27 3
79 28 15
79 29 5
79 30 9
79 31 14
79 32 9
79 33 13
79 34 20
79 35 7
79 36 10
79 37 17
79 38 14
79 39 7
79 40 5
79 41 11
79 42 20
79 43 1
79 44 1
79 45 18
79 46 7
79 47 11
79 48 12
79 49 11
79 50 14
79 51 5
79 52 17
79 53 18
79 54 3
79 55 7
79 56 14
79 57 3
79 58 13
79 59 20
79 60 15
79 61 12
79 62 3
79 63 13
79 64 9
79 65 6
79 66 1
79 67 1
79 68 18
79 69 16
79 70 1
79 71 3
79 72 10
79 73 3
79 74 0
79 75 3
79 76 5
79 77 5
79 78 14
79 79 3
79 80 12
79 81 9
79 82 1
79 83 7
79 84 4
79 85 4
79 86 15
79 87 8
79 88 6
79 89 19
79 90 18
79 91 1
79 92 9
79 93 19
79 94 15
79 95 15
79 96 19
79 97 13
79 98 9
79 99 11
80 0 19
80 1 10
80 2 4
80 3 15
80 4 0
80 5 20
80 6 14
80 7 1
80 8 20
80 9 0
80 10 5
80 11 8
80 12 7
80 13 17
80 14 14
80 15 5
80 16 9
80 17 2
80 18 15
80 19 15
80 20 12
80 21 19
80 22 19
80 23 0
80 24 3
80 25 16
80 26 4
80 27 7
80 28 20
80 29 17
80 30 18
80 31 12
80 32 19
80 33 3
80 34 0
80 35 11
80 36 19
80 37 18
80 38 6
80 39 3
80 40 8
80 41 20
80 42 16
80 43 15
80 44 17
80 45 16
80 46 18
80 47 3
80 48 11
80 49 1
80 50 4
80 51 2
80 52 14
80 53 11
80 54 8
80 55 0
80 56 19
80 57 2
80 58 2
80 59 15
80 60 14
80 61 8
80 62 8
80 63 2
80 64 15
80 65 4
80 66 19
80 67 6
80 68 13
80 69 0
80 70 7
80 71 20
80 72 11
80 73 12
80 74 8
80 75 11
80 76 11
80 77 11
80 78 2
80 79 6
80 80 1
80 81 4
80 82 19
80 83 14
80 84 5
80 85 2
80 86 14
80 87 4
80 88 12
80 89 7
80 90 4
80 91 5
80 92 20
80 93 2
80 94 19
80 95 6
80 96 0
80 97 5
80 98 9
80 99 12
81 0 12
81 1 7
81 2 17
81 3 8
81 4 9
81 5 7
81 6 7
81 7 9
81 8 8
81 9 20
81 10 3
81 11 5
81 12 10
81 13 18
81 14 8
81 15 14
81 16 6
81 17 19
81 18 8
81 19 7
81 20 7
81 21 11
81 22 11
81 23 19
81 24 19
81 25 0
81 26 2
81 27 19
81 28 8
81 29 5
81 30 16
81 31 7
81 32 4
81 33 4
81 34 15
81 35 11
81 36 20
81 37 10
81 38 20
81 39 11
81 40 2
81 41 6
81 42 5
81 43 5
81 44 11
81 45 17
81 46 9
81 47 17
81 48 3
81 49 3
81 50 10
81 51 8
81 52 15
81 53 17
81 54 0
81 55 3
81 56 15
81 57 6
81 58 20
81 59 20
81 60 0
81 61 5
81 62 6
81 63 11
81 64 12
81 65 11
81 66 11
81 67 3
81 68 9
81 69 5
81 70 19
81 71 15
81 72 10
81 73 14
81 74 5
81 75 4
81 76 17
81 77 9
81 78 15
81 79 16
81 80 16
81 81 11
81 82 17
81 83 3
81 84 2
81 85 2
81 86 6
81 87 19
81 88 6
81 89 9
81 90 18
81 91 2
81 92 6
81 93 18
81 94 8
81 95 13
81 96 13
81 97 7
81 98 1
81 99 5
82 0 5
82 1 9
82 2 14
82 3 4
82 4 18
82 5 19
82 6 3
82 7 8
82 8 0
82 9 0
82 10 6
82 11 12
82 12 17
82 13 7
82 14 2
82 15 0
82 16 17
82 17 7
82 18 0
82 19 12
82 20 19
82 21 3
82 22 14
82 23 0
82 24 20
82 25 12
82 26 6
82 27 19
82 28 10
82 29 3
82 30 18
82 31 13
82 32 6
82 33 8
82 34 14
82 35 16
82 36 20
82 37 13
82 38 19
82 39 1
82 40 17
82 41 9
82 42 5
82 43 19
82 44 10
82 45 18
82 46 12
82 47 14
82 48 16
82 49 5
82 50 12
82 51 9
82 52 18
82 53 7
82 54 1
82 55 19
82 56 6
82 57 13
82 58 7
82 59 13
82 60 20
82 61 9
82 62 20
82 63 10
82 64 3
82 65 20
82 66 17
82 67 18
82 68 12
82 69 20
82 70 12
82 71 14
82 72 20
82 73 5
82 74 13
82 75 10
82 76 8
82 77 18
82 78 1
82 79 6
82 80 18
82 81 7
82 82 11
82 83 9
82 84 4
82 85 16
82 86 0
82 87 7
82 88 6
82 89 10
82 90 15
82 91 11
82 92 20
82 93 6
82 94 4
82 95 7
82 96 10
82 97 6
82 98 16
82 99 10
83 0 10
83 1 1
83 2 13
83 3 12
83 4 0
83 5 15
83 6 5
83 7 2
83 8 10
83 9 7
83 10 15
83 11 7
83 12 7
83 13 9
83 14 20
83 15 0
83 16 10
83 17 5
83 18 5
83 19 16
83 20 6
83 21 2
83 22 15
83 23 5
83 24 5
83 25 6
83 26 18
83 27 3
83 28 2
83 29 2
83 30 12
83 31 19
83 32 11
83 33 15
83 34 14
83 35 13
83 36 4
83 37 5
83 38 9
83 39 1
83 40 12
83 41 10
83 42 14
83 43 13
83 44 7
83 45 5
83 46 3
83 47 11
83 48 13
83 49 9
83 50 17
83 51 14
83 52 3
83 53 15
83 54 8
83 55 8
83 56 14
83 57 6
83 58 17
83 59 2
83 60 12
83 61 1
83 62 15
83 63 9
83 64 14
83 65 14
83 66 11
83 67 0
83 68 2
83 69 4
83 70 15
83 71 13
83 72 12
83 73 8
83 74 9
83 75 14
83 76 16
83 77 8
83 78 11
83 79 4
83 80 7
83 81 13
83 82 1
83 83 19
83 84 0
83 85 19
83 86 8
83 87 17
83 88 13
83 89 19
83 90 12
83 91 7
83 92 16
83 93 17
83 94 6
83 95 4
83 96 5
83 97 0
83 98 7
83 99 0
84 0 2
84 1 13
84 2 18
84 3 7
84 4 16
84 5 0
84 6 13
84 7 4
84 8 0
84 9 12
84 10 19
84 11 10
84 12 0
84 13 9
84 14 16
84 15 11
84 16 14
84 17 15
84 18 1
84 19 6
84 20 3
84 21 7
84 22 0
84 23 10
84 24 4
84 25 5
84 26 15
84 27 15
84 28 17
84 29 1
84 30 3
84 31 6
84 32 16
84 33 18
84 34 17
84 35 5
84 36 13
84 37 10
84 38 12
84 39 2
84 40 13
84 41 13
84 42 11
84 43 5
84 44 11
84 45 9
84 46 16
84 47 10
84 48 10
84 49 17
84 50 12
84 51 16
84 52 0
84 53 1
84 54 9
84 55 12
84 56 2
84 57 17
84 58 5
84 59 17
84 60 16
84 61 18
84 62 15
84 63 3
84 64 14
84 65 0
84 66 19
84 67 6
84 68 17
84 69 12
84 70 17
84 71 5
84 72 10
84 73 20
84 74 3
84 75 5
84 76 2
84 77 3
84 78 11
84 79 6
84 80 14
84 81 13
84 82 16
84 83 5
84 84 3
84 85 16
84 86 2
84 87 15
84 88 13
84 89 6
84 90 16
84 91 10
84 92 14
84 93 11
84 94 14
84 95 10
84 96 4
84 97 4
84 98 16
84 99 7
85 0 15
85 1 16
85 2 4
85 3 13
85 4 18
85 5 7
85 6 15
85 7 15
85 8 3
85 9 17
85 10 5
85 11 11
85 12 12
85 13 18
85 14 1
85 15 20
85 16 6
85 17 12
85 18 11
85 19 1
85 20 20
85 21 2
85 22 15
85 23 1
85 24 18
85 25 20
85 26 0
85 27 16
85 28 3
85 29 12
85 30 19
85 31 11
85 32 15
85 33 17
85 34 4
85 35 15
85 36 17
85 37 8
85 38 14
85 39 18
85 40 20
85 41 20
85 42 3
85 43 4
85 44 13
85 45 3
85 46 4
85 47 9
85 48 8
85 49 0
85 50 19
85 51 19
85 52 20
85 53 1
85 54 6
85 55 13
85 56 16
85 57 8
85 58 6
85 59 1
85 60 11
85 61 5
85 62 12
85 63 1
85 64 9
85 65 16
85 66 9
85 67 15
85 68 19
85 69 15
85 70 7
85 71 15
85 72 16
85 73 0
85 74 9
85 75 2
85 76 2
85 77 7
85 78 1
85 79 2
85 80 0
85 81 3
85 82 17
85 83 11
85 84 20
85 85 12
85 86 15
85 87 12
85 88 13
85 89 11
85 90 8
85 91 9
85 92 1
85 93 10
85 94 10
85 95 15
85 96 9
85 97 18
85 98 13
85 99 8
86 0 10
86 1 20
86 2 20
86 3 4
86 4 11
86 5 20
86 6 11
86 7 7
86 8 5
86 9 14
86 10 11
86 11 1
86 12 15
86 13 7
86 14 5
86 15 15
86 16 16
86 17 18
86 18 3
86 19 16
86 20 18
86 21 6
86 22 19
86 23 19
86 24 3
86 25 10
86 26 5
86 27 0
86 28 20
86 29 6
86 30 16
86 31 3
86 32 4
86 33 4
86 34 13
86 35 15
86 36 16
86 37 16
86 38 20
86 39 20
86 40 9
86 41 13
86 42 11
86 43 1
86 44 7
86 45 7
86 46 6
86 47 20
86 48 17
86 49 10
86 50 2
86 51 18
86 52 13
86 53 16
86 54 5
86 55 14
86 56 15
86 57 4
86 58 7
86 59 18
86 60 16
86 61 0
86 62 6
86 63 11
86 64 2
86 65 9
86 66 5
86 67 17
86 68 18
86 69 2
86 70 20
86 71 13
86 72 11
86 73 7
86 74 8
86 75 6
86 76 0
86 77 18
86 78 3
86 79 19
86 80 8
86 81 14
86 82 7
86 83 0
86 84 6
86 85 15
86 86 3
86 87 20
86 88 17
86 89 0
86 90 17
86 91 15
86 92 7
86 93 4
86 94 5
86 95 8
86 96 6
86 97 0
86 98 11
86 99 19
87 0 16
87 1 4
87 2 12
87 3 11
87 4 3
87 5 14
87 6 2
87 7 5
87 8 8
87 9 5
87 10 3
87 11 18
87 12 12
87 13 0
87 14 6
87 15 13
87 16 7
87 17 13
87 18 4
87 19 16
87 20 15
87 21 1
87 22 12
87 23 9
87 24 18
87 25 10
87 26 8
87 27 18
87 28 6
87 29 19
87 30 0
87 31 12
87 32 17
87 33 15
87 34 9
87 35 14
87 36 14
87 37 16
87 38 14
87 39 5
87 40 3
87 41 4
87 42 18
87 43 6
87 44 7
87 45 5
87 46 13
87 47 20
87 48 10
87 49 10
87 50 5
87 51 20
87 52 15
87 53 4
87 54 15
87 55 5
87 56 18
87 57 1
87 58 13
87 59 14
87 60 1
87 61 2
87 62 7
87 63 19
87 64 11
87 65 4
87 66 7
87 67 0
87 68 3
87 69 14
87 70 4
87 71 1
87 72 3
87 73 13
87 74 12
87 75 9
87 76 16
87 77 15
87 78 7
87 79 6
87 80 2
87 81 6
87 82 13
87 83 17
87 84 1
87 85 3
87 86 3
87 87 3
87 88 12
87 89 11
87 90 15
87 91 9
87 92 3
87 93 16
87 94 17
87 95 18
87 96 5
87 97 10
87 98 4
87 99 9
88 0 14
88 1 2
88 2 17
88 3 18
88 4 1
88 5 15
88 6 12
88 7 1
88 8 13
88 9 5
88 10 17
88 11 4
88 12 17
88 13 12
88 14 16
88 15 3
88 16 13
88 17 18
88 18 2
88 19 8
88 20 7
88 21 18
88 22 2
88 23 8
88 24 17
88 25 4
88 26 11
88 27 6
88 28 14
88 29 3
88 30 12
88 31 17
88 32 15
88 33 4
88 34 0
88 35 13
88 36 17
88 37 19
88 38 12
88 39 16
88 40 18
88 41 20
88 42 6
88 43 14
88 44 20
88 45 6
88 46 18
88 47 17
88 48 2
88 49 1
88 50 4
88 51 0
88 52 15
88 53 18
88 54 0
88 55 20
88 56 11
88 57 4
88 58 3
88 59 6
88 60 1
88 61 14
88 62 11
88 63 17
88 64 18
88 65 6
88 66 3
88 67 11
88 68 9
88 69 7
88 70 11
88 71 5
88 72 8
88 73 4
88 74 10
88 75 5
88 76 8
88 77 7
88 78 13
88 79 5
88 80 12
88 81 4
88 82 18
88 83 0
88 84 2
88 85 0
88 86 12
88 87 20
88 88 14
88 89 3
88 90 11
88 91 7
88 92 4
88 93 8
88 94 9
88 95 16
88 96 13
88 97 5
88 98 17
88 99 0
89 0 12
89 1 7
89 2 18
89 3 11
89 4 19
89 5 12
89 6 4
89 7 6
89 8 0
89 9 6
89 10 14
89 11 15
89 12 17
89 13 17
89 14 14
89 15 20
89 16 10
89 17 19
89 18 0
89 19 10
89 20 19
89 21 15
89 22 18
89 23 12
89 24 13
89 25 3
89 26 19
89 27 6
89 28 20
89 29 0
89 30 13
89 31 10
89 32 5
89 33 17
89 34 7
89 35 4
89 36 0
89 37 11
89 38 6
89 39 15
89 40 8
89 41 9
89 42 13
89 43 3
89 44 11
89 45 14
89 46 9
89 47 5
89 48 6
89 49 0
89 50 16
89 51 16
89 52 4
89 53 3
89 54 5
89 55 11
89 56 13
89 57 17
89 58 7
89 59 3
89 60 7
89 61 20
89 62 13
89 63 3
89 64 1
89 65 9
89 66 9
89 67 7
89 68 10
89 69 11
89 70 0
89 71 7
89 72 1
89 73 17
89 74 15
89 75 17
89 76 12
89 77 20
89 78 9
89 79 9
89 80 4
89 81 3
89 82 4
89 83 0
89 84 0
89 85 3
89 86 10
89 87 14
89 88 7
89 89 11
89 90 20
89 91 14
89 92 4
89 93 14
89 94 11
89 95 8
89 96 7
89 97 6
89 98 20
89 99 14
90 0 16
90 1 13
90 2 7
90 3 1
90 4 7
90 5 8
90 6 10
90 7 16
90 8 3
90 9 18
90 10 17
90 11 5
90 12 10
90 13 9
90 14 1
90 15 2
90 16 16
90 17 7
90 18 4
90 19 11
90 20 13
90 21 7
90 22 13
90 23 18
90 24 19
90 25 10
90 26 2
90 27 16
90 28 17
90 29 13
90 30 4
90 31 20
90 32 20
90 33 0
90 34 20
90 35 4
90 36 17
90 37 0
90 38 7
90 39 9
90 40 17
90 41 4
90 42 2
90 43 9
90 44 8
90 45 20
90 46 3
90 47 2
90 48 14
90 49 1
90 50 18
90 51 6
90 52 2
90 53 13
90 54 4
90 55 2
90 56 5
90 57 2
90 58 10
90 59 12
90 60 20
90 61 10
90 62 6
90 63 13
90 64 5
90 65 5
90 66 6
90 67 18
90 68 18
90 69 0
90 70 12
90 71 13
90 72 0
90 73 13
90 74 6
90 75 17
90 76 6
90 77 10
90 78 8
90 79 14
90 80 4
90 81 13
90 82 15
90 83 5
90 84 15
90 85 9
90 86 5
90 87 18
90 88 15
90 89 0
90 90 1
90 91 8
90 92 10
90 93 8
90 94 9
90 95 7
90 96 0
90 97 3
90 98 0
90 99 12
91 0 7
91 1 19
91 2 20
91 3 0
91 4 6
91 5 5
91 6 15
91 7 13
91 8 6
91 9 2
91 10 18
91 11 18
91 12 6
91 13 13
91 14 6
91 15 20
91 16 20
91 17 1
91 18 16
91 19 6
91 20 8
91 21 12
91 22 19
91 23 3
91 24 18
91 25 18
91 26 1
91 27 18
91 28 12
91 29 13
91 30 20
91 31 13
91 32 16
91 33 6
91 34 17
91 35 4
91 36 8
91 37 10
91 38 4
91 39 18
91 40 20
91 41 18
91 42 7
91 43 17
91 44 1
91 45 3
91 46 10
91 47 6
91 48 13
91 49 15
91 50 10
91 51 15
91 52 14
91 53 6
91 54 0
91 55 16
91 56 20
91 57 8
91 58 19
91 59 3
91 60 16
91 61 9
91 62 4
91 63 3
91 64 15
91 65 11
91 66 0
91 67 20
91 68 12
91 69 14
91 70 8
91 71 18
91 72 6
91 73 18
91 74 10
91 75 17
91 76 4
91 77 11
91 78 14
91 79 19
91 80 20
91 81 5
91 82 14
91 83 0
91 84 9
91 85 20
91 86 13
91 87 17
91 88 10
91 89 16
91 90 13
91 91 13
91 92 2
91 93 12
91 94 3
91 95 0
91 96 5
91 97 4
91 98 1
91 99 13
92 0 6
92 1 3
92 2 2
92 3 19
92 4 5
92 5 16
92 6 20
92 7 4
92 8 18
92 9 9
92 10 7
92 11 17
92 12 1
92 13 3
92 14 16
92 15 15
92 16 17
92 17 18
92 18 8
92 19 18
92 20 12
92 21 8
92 22 12
92 23 6
92 24 5
92 25 14
92 26 17
92 27 3
92 28 12
92 29 9
92 30 13
92 31 10
92 32 3
92 33 18
92 34 12
92 35 0
92 36 1
92 37 17
92 38 7
92 39 19
92 40 12
92 41 20
92 42 12
92 43 17
92 44 4
92 45 0
92 46 7
92 47 15
92 48 10
92 49 1
92 50 8
92 51 19
92 52 9
92 53 11
92 54 19
92 55 9
92 56 12
92 57 14
92 58 2
92 59 1
92 60 15
92 61 13
92 62 3
92 63 15
92 64 15
92 65 19
92 66 18
92 67 17
92 68 6
92 69 13
92 70 6
92 71 3
92 72 0
92 73 15
92 74 17
92 75 10
92 76 17
92 77 2
92 78 19
92 79 0
92 80 11
92 81 1
92 82 6
92 83 1
92 84 6
92 85 13
92 86 15
92 87 4
92 88 5
92 89 9
92 90 0
92 91 4
92 92 5
92 93 5
92 94 16
92 95 4
92 96 10
92 97 9
92 98 8
92 99 4
93 0 10
93 1 16
93 2 3
93 3 11
93 4 17
93 5 15
93 6 13
93 7 17
93 8 10
93 9 0
93 10 18
93 11 12
93 12 3
93 13 15
93 14 9
93 15 12
93 16 5
93 17 9
93 18 20
93 19 13
93 20 15
93 21 19
93 22 11
93 23 11
93 24 1
93 25 2
93 26 9
93 27 2
93 28 19
93 29 19
93 30 20
93 31 17
93 32 9
93 33 16
93 34 10
93 35 2
93 36 2
93 37 1
93 38 19
93 39 1
93 40 10
93 41 10
93 42 20
93 43 13
93 44 14
93 45 18
93 46 16
93 47 7
93 48 5
93 49 0
93 50 2
93 51 18
93 52 16
93 53 3
93 54 2
93 55 7
93 56 2
93 57 5
93 58 0
93 59 15
93 60 13
93 61 7
93 62 11
93 63 20
93 64 2
93 65 7
93 66 12
93 67 4
93 68 14
93 69 20
93 70 2
93 71 14
93 72 6
93 73 15
93 74 18
93 75 15
93 76 1
93 77 12
93 78 2
93 79 20
93 80 9
93 81 14
93 82 12
93 83 13
93 84 19
93 85 14
93 86 12
93 87 7
93 88 13
93 89 2
93 90 0
93 91 10
93 92 17
93 93 5
93 94 10
93 95 9
93 96 2
93 97 1
93 98 19
93 99 18
94 0 20
94 1 11
94 2 16
94 3 18
94 4 13
94 5 8
94 6 1
94 7 16
94 8 12
94 9 2
94 10 4
94 11 8
94 12 3
94 13 8
94 14 16
94 15 5
94 16 1
94 17 8
94 18 2
94 19 5
94 20 14
94 21 6
94 22 7
94 23 4
94 24 18
94 25 16
94 26 13
94 27 6
94 28 9
94 29 16
94 30 20
94 31 17
94 32 11
94 33 17
94 34 14
94 35 15
94 36 1
94 37 15
94 38 17
94 39 10
94 40 11
94 41 10
94 42 5
94 43 11
94 44 8
94 45 18
94 46 3
94 47 3
94 48 2
94 49 20
94 50 7
94 51 9
94 52 0
94 53 18
94 54 8
94 55 12
94 56 4
94 57 19
94 58 4
94 59 5
94 60 19
94 61 13
94 62 4
94 63 17
94 64 18
94 65 20
94 66 6
94 67 15
94 68 20
94 69 7
94 70 18
94 71 17
94 72 11
94 73 8
94 74 17
94 75 13
94 76 5
94 77 18
94 78 12
94 79 14
94 80 1
94 81 1
94 82 1
94 83 12
94 84 17
94 85 15
94 86 11
94 87 1
94 88 5
94 89 13
94 90 17
94 91 19
94 92 8
94 93 10
94 94 17
94 95 18
94 96 8
94 97 12
94 98 5
94 99 1
95 0 12
95 1 0
95 2 13
95 3 17
95 4 6
95 5 2
95 6 19
95 7 10
95 8 19
95 9 6
95 10 15
95 11 4
95 12 18
95 13 15
95 14 15
95 15 6
95 16 1
95 17 12
95 18 0
95 19 7
95 20 7
95 21 6
95 22 18
95 23 10
95 24 4
95 25 19
95 26 1
95 27 5
95 28 12
95 29 17
95 30 12
95 31 4
95 32 14
95 33 16
95 34 15
95 35 3
95 36 13
95 37 16
95 38 3
95 39 5
95 40 19
95 41 0
95 42 5
95 43 16
95 44 13
95 45 2
95 46 2
95 47 8
95 48 8
95 49 11
95 50 3
95 51 14
95 52 1
95 53 4
95 54 13
95 55 13
95 56 17
95 57 18
95 58 6
95 59 2
95 60 10
95 61 3
95 62 0
95 63 3
95 64 3
95 65 12
95 66 9
95 67 4
95 68 18
95 69 11
95 70 4
95 71 12
95 72 15
95 73 10
95 74 16
95 75 16
95 76 10
95 77 12
95 78 2
95 79 5
95 80 3
95 81 7
95 82 10
95 83 15
95 84 6
95 85 9
95 86 18
95 87 8
95 88 3
95 89 15
95 90 13
95 91 16
95 92 15
95 93 7
95 94 10
95 95 13
95 96 15
95 97 16
95 98 17
95 99 19
96 0 19
96 1 11
96 2 11
96 3 0
96 4 16
96 5 0
96 6 4
96 7 0
96 8 18
96 9 7
96 10 5
96 11 20
96 12 9
96 13 0
96 14 16
96 15 19
96 16 9
96 17 8
96 18 5
96 19 6
96 20 17
96 21 4
96 22 6
96 23 12
96 24 8
96 25 18
96 26 8
96 27 8
96 28 9
96 29 11
96 30 1
96 31 19
96 32 20
96 33 0
96 34 7
96 35 2
96 36 7
96 37 4
96 38 6
96 39 7
96 40 1
96 41 11
96 42 2
96 43 8
96 44 9
96 45 6
96 46 6
96 47 19
96 48 19
96 49 19
96 50 15
96 51 13
96 52 14
96 53 18
96 54 3
96 55 0
96 56 6
96 57 18
96 58 0
96 59 14
96 60 16
96 61 5
96 62 16
96 63 19
96 64 6
96 65 18
96 66 2
96 67 10
96 68 16
96 69 16
96 70 5
96 71 0
96 72 17
96 73 7
96 74 12
96 75 14
96 76 20
96 77 7
96 78 10
96 79 10
96 80 7
96 81 14
96 82 4
96 83 11
96 84 10
96 85 4
96 86 11
96 87 18
96 88 15
96 89 9
96 90 15
96 91 11
96 92 19
96 93 20
96 94 0
96 95 0
96 96 4
96 97 18
96 98 3
96 99 19
97 0 20
97 1 16
97 2 20
97 3 6
97 4 5
97 5 18
97 6 0
97 7 8
97 8 8
97 9 4
97 10 9
97 11 0
97 12 9
97 13 12
97 14 13
97 15 2
97 16 19
97 17 5
97 18 5
97 19 10
97 20 7
97 21 4
97 22 0
97 23 11
97 24 12
97 25 15
97 26 1
97 27 8
97 28 2
97 29 3
97 30 13
97 31 4
97 32 6
97 33 11
97 34 19
97 35 15
97 36 11
97 37 12
97 38 0
97 39 18
97 40 10
97 41 0
97 42 9
97 43 10
97 44 20
97 45 7
97 46 18
97 47 14
97 48 7
97 49 7
97 50 6
97 51 18
97 52 14
97 53 16
97 54 10
97 55 4
97 56 13
97 57 11
97 58 16
97 59 9
97 60 19
97 61 18
97 62 8
97 63 18
97 64 8
97 65 7
97 66 10
97 67 7
97 68 16
97 69 14
97 70 1
97 71 16
97 72 17
97 73 14
97 74 11
97 75 14
97 76 0
97 77 5
97 78 12
97 79 15
97 80 16
97 81 13
97 82 19
97 83 14
97 84 16
97 85 12
97 86 1
97 87 16
97 88 11
97 89 17
97 90 2
97 91 5
97 92 2
97 93 8
97 94 17
97 95 0
97 96 15
97 97 18
97 98 14
97 99 18
98 0 3
98 1 11
98 2 11
98 3 18
98 4 5
98 5 16
98 6 13
98 7 8
98 8 3
98 9 3
98 10 11
98 11 9
98 12 12
98 13 1
98 14 7
98 15 9
98 16 16
98 17 12
98 18 10
98 19 13
98 20 13
98 21 10
98 22 15
98 23 8
98 24 17
98 25 8
98 26 14
98 27 15
98 28 16
98 29 15
98 30 14
98 31 14
98 32 2
98 33 17
98 34 12
98 35 9
98 36 5
98 37 17
98 38 15
98 39 5
98 40 9
98 41 15
98 42 3
98 43 16
98 44 3
98 45 3
98 46 9
98 47 12
98 48 18
98 49 11
98 50 1
98 51 12
98 52 11
98 53 18
98 54 1
98 55 11
98 56 6
98 57 15
98 58 0
98 59 11
98 60 15
98 61 8
98 62 20
98 63 3
98 64 19
98 65 3
98 66 13
98 67 2
98 68 20
98 69 9
98 70 3
98 71 18
98 72 17
98 73 14
98 74 3
98 75 2
98 76 16
98 77 15
98 78 6
98 79 5
98 80 7
98 81 5
98 82 5
98 83 8
98 84 8
98 85 16
98 86 0
98 87 14
98 88 1
98 89 14
98 90 16
98 91 2
98 92 2
98 93 13
98 94 4
98 95 19
98 96 13
98 97 14
98 98 6
98 99 7
99 0 0
99 1 10
99 2 9
99 3 18
99 4 12
99 5 2
99 6 19
99 7 3
99 8 17
99 9 3
99 10 18
99 11 15
99 12 3
99 13 7
99 14 13
99 15 19
99 16 19
99 17 13
99 18 12
99 19 17
99 20 1
99 21 5
99 22 8
99 23 17
99 24 19
99 25 1
99 26 2
99 27 20
99 28 16
99 29 15
99 30 7
99 31 2
99 32 0
99 33 14
99 34 19
99 35 15
99 36 0
99 37 1
99 38 3
99 39 14
99 40 13
99 41 17
99 42 7
99 43 1
99 44 20
99 45 12
99 46 12
99 47 5
99 48 13
99 49 15
99 50 19
99 51 3
99 52 4
99 53 8
99 54 18
99 55 5
99 56 4
99 57 7
99 58 2
99 59 8
99 60 8
99 61 10
99 62 11
99 63 14
99 64 6
99 65 19
99 66 5
99 67 2
99 68 1
99 69 13
99 70 9
99 71 8
99 72 17
99 73 14
99 74 8
99 75 17
99 76 8
99 77 17
99 78 0
99 79 10
99 80 6
99 81 17
99 82 5
99 83 10
99 84 19
99 85 19
99 86 3
99 87 10
99 88 10
99 89 18
99 90 4
99 91 11
99 92 0
99 93 16
99 94 15
99 95 17
99 96 10
99 97 15
99 98 2
99 99 0
16  
2  
20  
1  
3  
10  
15  
5  
18  
11  
7  
13  
11  
6  
5  
0  
17  
14  
2  
19  
0  
13  
16  
19  
8  
3  
10  
7  
5  
0  
11  
20  
2  
7  
2  
13  
19  
3  
8  
8  
1  
10  
16  
7  
17  
7  
2  
0  
9  
15  
14  
4  
2  
12  
7  
6  
1  
12  
9  
0  
6  
20  
7  
1  
4  
13  
6  
14  
13  
4  
11  
8  
17  
19  
4  
0  
10  
16  
13  
11  
9  
1  
2  
1  
5  
14  
15  
6  
11  
18  
8  
17  
15  
12  
9  
9  
1  
7  
8  
13